384 3648 64    384 3712 128    320 3712 128    320 3776 128    256 3776 192    256 3840 192    256 3776 128    256 3840 128    
320 3776 256    256 3840 256    320 3840 192    320 3712 256    320 3648 256    448 3648 256    320 3648 256    448 3776 256    
384 3584 192    320 3776 192    256 3840 192    -16384 16398 1    256 3840 320    192 3840 256    192 3712 320    256 3712 256    
128 3712 256    128 1216 128    192 3008 704    192 3392 640    192 3456 512    64 3200 -192    0 3264 192    64 3648 320    
0 3712 256    64 3648 -64    320 3456 -128    384 3456 -128    384 3456 -192    256 3520 -64    192 3520 -128    192 3776 -64    
0 4288 0    -192 4032 0    -128 3968 0    -128 4032 128    -128 3904 256    -64 3840 128    -64 3648 64    64 3712 0    
64 3648 192    192 3776 128    256 3648 64    384 3712 192    256 3648 384    320 3584 320    384 3584 384    384 3456 384    
448 3392 384    448 3264 384    512 3200 512    512 2816 320    640 3200 320    640 3200 0    640 3264 -320    1024 3456 -512    
1216 3648 -576    1088 3776 -512    1152 3968 -448    1088 3904 -512    1088 3968 -640    1088 3840 -704    1152 3776 -768    1280 3712 -704    
1536 3584 -640    1664 3328 -896    1920 3456 -960    2048 3200 -768    2048 3136 -704    2176 3264 -704    2048 3264 -640    1984 3264 -576    
1920 3392 -576    1856 3456 -576    1792 3584 -576    1728 3648 -576    1664 3712 -704    1600 3840 -768    1600 3904 -768    1600 4032 -704    
1472 3968 -640    1344 3968 -512    1344 3904 -512    1344 3904 -640    1344 3904 -640    1344 3968 -704    1280 4032 -640    1280 3968 -640    
1152 3904 -640    1088 3968 -640    1088 3904 -704    1216 3904 -640    1280 3840 -576    1472 3712 -576    1536 3584 -576    1536 3456 -704    
1600 3392 -640    1536 3328 -640    1536 3328 -576    1536 3456 -512    1536 3392 -448    1408 3392 -448    1408 3456 -512    1408 3456 -448    
1408 3456 -320    1344 3520 -320    1280 3584 -320    1152 3584 -256    16388 14 16639    1088 3648 -320    1088 3584 -384    1088 3584 -384    
1024 3584 -448    1152 3584 -512    1152 3584 -512    1152 3584 -640    1152 3520 -448    1088 3456 -448    1088 3456 -448    1152 3520 -512    
1088 3520 -512    1152 3584 -640    1152 3648 -512    1152 3648 -512    1216 3584 -512    1280 3584 -512    1216 3520 -512    1216 3584 -512    
1152 3648 -448    1088 3520 -512    1152 3520 -512    1152 3520 -448    1152 3584 -384    1088 3584 -512    1088 3584 -448    1024 3584 -448    
1024 3584 -384    1088 3584 -384    1152 3584 -448    1088 3584 -448    1088 3520 -384    1152 3520 -448    1088 3584 -448    1152 3584 -512    
1088 3584 -448    1088 3584 -512    1088 3584 -384    1088 3520 -384    1024 3584 -512    1088 3648 -512    1088 3584 -384    1088 3584 -384    
1088 3648 -384    1088 3584 -384    1152 3520 -384    1152 3584 -384    1152 3584 -384    1088 3520 -320    1088 3584 -384    1152 3648 -384    
1152 3584 -256    1152 3520 -320    1216 3584 -384    1216 3584 -384    1216 3520 -320    1216 3584 -384    1216 3520 -448    1152 3520 -448    
1088 3584 -384    1088 3648 -384    1088 3584 -320    1152 3520 -320    1152 3584 -384    1216 3584 -512    1152 3648 -512    1088 3648 -512    
1088 3648 -512    1024 3584 -448    1088 3584 -448    1152 3520 -512    1088 3520 -448    1088 3520 -512    1088 3520 -512    1024 3584 -448    
1088 3584 -448    1088 3520 -384    1088 3648 -448    1152 3584 -448    1152 3648 -512    1088 3648 -512    1088 3648 -512    1088 3584 -448    
1088 3648 -448    1088 3584 -384    1152 3520 -448    1152 3520 -448    1152 3520 -448    1152 3584 -448    1152 3520 -448    1152 3520 -320    
1152 3584 -384    1152 3648 -448    1088 3584 -448    1152 3584 -384    1152 3648 -448    1152 3648 -384    1152 3584 -384    1088 3584 -448    
1152 3648 -384    1216 3584 -448    1216 3520 -448    1152 3520 -512    1152 3520 -384    1088 3584 -448    1152 3584 -448    1152 3584 -320    
1152 3584 -384    1024 3584 -512    1088 3648 -448    1088 3584 -512    1088 3584 -512    1152 3648 -512    1152 3520 -448    1088 3520 -448    
1088 3520 -384    1088 3520 -448    1088 3520 -448    1088 3520 -448    1152 3584 -448    1088 3584 -512    1088 3584 -512    1152 3584 -512    
1152 3520 -448    1088 3584 -448    1024 3520 -384    1024 3456 -384    1152 3584 -448    1152 3584 -384    1152 3648 -448    1088 3584 -512    
1152 3584 -512    1152 3584 -512    1152 3648 -512    1152 3648 -448    1088 3584 -448    1024 3648 -576    1024 3648 -448    960 3648 -512    
1088 3584 -448    1088 3648 -512    1088 3648 -512    1088 3584 -448    1088 3648 -512    1088 3584 -448    1024 3584 -448    1024 3584 -448    
1088 3584 -384    1024 3520 -320    1088 3520 -384    1024 3584 -384    1024 3584 -448    1024 3584 -448    1088 3584 -448    1088 3648 -384    
1088 3584 -384    1152 3584 -384    1088 3584 -384    1088 3584 -384    1088 3520 -576    1088 3520 -512    1088 3520 -384    1152 3520 -384    
1152 3584 -512    1088 3648 -512    1088 3584 -512    1152 3520 -512    1088 3520 -512    1088 3584 -448    1152 3520 -384    1152 3520 -384    
1152 3520 -640    1088 3584 -512    1152 3456 -320    1088 3520 -384    1088 3520 -448    1088 3520 -448    1024 3520 -512    1088 3520 -384    
1088 3584 -448    1152 3584 -448    1152 3584 -512    1152 3520 -384    1152 3520 -448    1152 3456 -384    1152 3520 -320    1152 3520 -384    
1088 3520 -448    1088 3520 -448    1152 3456 -512    1152 3456 -448    1152 3392 -384    1152 3392 -448    1152 3328 -448    1216 3328 -512    
1216 3264 -448    1216 3264 -384    1216 3264 -448    1280 3264 -512    1152 3264 -448    1216 3264 -512    1216 3264 -384    1216 3392 -512    
1216 3392 -640    1280 3520 -640    1344 3648 -768    1408 3648 -704    1472 3648 -704    1536 3776 -704    1728 3904 -768    1792 3968 -768    
2048 4096 -960    2176 4352 -1280    2368 4544 -1344    2496 4736 -1536    2432 4864 -1408    2368 4928 -1280    2368 4992 -1344    2304 5056 -1280    
2304 5056 -1280    2304 4992 -1344    2304 4864 -1536    2304 4864 -1536    2368 4864 -1472    2304 5056 -1408    2176 5184 -1472    2112 5184 -1536    
2048 5120 -1472    1920 5120 -1536    1728 5120 -1344    1472 5184 -1408    1216 5376 -1024    960 5376 -832    896 5312 -832    704 5184 -832    
448 5120 -768    320 5120 -704    0 5184 -512    -512 4736 192    -320 4736 -704    -640 4672 1280    -384 4160 256    -512 3840 640    
-640 3200 640    -768 2816 512    -960 2432 320    -1088 1920 576    -1088 1536 704    -1152 1216 832    -1152 1088 896    -1216 896 960    
-1216 448 640    -1344 0 896    -1472 -320 576    -1344 -640 1152    -1536 -1088 896    -1856 -1152 896    -1856 -1024 1280    -1920 -1088 1408    
-2112 -1408 1472    -2176 -1728 1664    -2304 -2048 1600    -2432 -2112 1920    -2432 -2240 1984    -2560 -2368 1984    -2752 -2304 1920    -2816 -2176 1920    
-3072 -1984 1856    -3136 -1920 1856    -3200 -1856 1792    -3200 -1856 1792    -3264 -1856 1664    -3264 -1792 1536    -3392 -1856 1472    -3392 -1792 1600    
-3584 -1728 1536    -3648 -1600 1536    -3648 -1536 1472    -3712 -1472 1536    -3648 -1408 1536    -3584 -1472 1536    -3520 -1536 1600    -3520 -1536 1536    
-3520 -1600 1472    -3456 -1664 1408    -3456 -1664 1408    -3456 -1664 1408    -3456 -1600 1408    -3392 -1536 1280    -3392 -1408 1344    -3392 -1408 1280    
-3328 -1216 1408    -3328 -1216 1344    -3328 -896 1408    -3392 -960 1344    -3392 -768 1344    -3520 -768 1344    -3456 -576 1280    -3392 -768 1152    
-3520 -896 1216    -3520 -768 1216    -3456 -640 1216    -3456 -768 1152    -3520 -896 1152    -3456 -896 1280    -3648 -1152 1600    -3648 -1088 1408    
-3648 -1024 1280    -3648 -896 1280    -3712 -1024 1344    -3840 -960 1344    -3904 -1152 1280    -3968 -1280 1600    -4032 -1344 1408    -4096 -1472 1088    
-4096 -1600 1216    -4160 -1600 1408    -4096 -1536 1408    -4096 -1664 1728    -4032 -1856 1664    -3968 -1856 1728    -3840 -1856 1728    -3584 -1536 1792    
-3264 -1536 1472    -3072 -1728 1344    -3008 -1600 1216    -3072 -1600 1408    -3264 -1728 1472    -3456 -1856 1472    -3520 -2048 1728    -3456 -2112 1856    
-3520 -2176 1984    -3648 -2368 2176    -3840 -2432 2560    -3968 -2624 2368    -4160 -2688 2560    -4160 -2624 2624    -4032 -2624 2752    -3584 -2624 2432    
-2880 -2240 2368    -2496 -2176 2112    -2176 -1856 1664    -2176 -1984 1664    -2176 -1728 1792    -2112 -1408 1664    -1920 -1408 1664    -1728 -1472 1920    
-1536 -1472 1984    -1344 -1536 2112    -1280 -1600 2368    -1088 -1728 2304    -960 -1728 2496    -704 -1728 2304    -576 -1728 2240    -448 -1728 2112    
-384 -1600 2112    -320 -1600 1984    -128 -1344 1920    0 -1088 1856    0 -896 1600    64 -576 1472    0 -256 1344    -128 -64 1152    
-256 128 960    -448 320 768    -384 320 896    -448 384 896    -448 448 960    -320 704 1088    -256 896 1344    -128 1152 1344    
-64 1408 1600    64 1536 1408    128 1728 1024    64 1984 832    0 2240 1280    -64 2624 1088    0 3136 1024    0 3584 1024    
0 3904 768    0 4288 640    -192 4672 320    -512 5568 448    -768 6272 256    -960 6400 0    -1152 6080 448    -1152 5632 448    
-896 6208 1088    -512 6720 1344    -128 6656 1536    192 7424 1216    -320 7808 1024    -896 7872 960    -1024 8064 -64    -1280 7744 0    
-1472 7104 256    -1024 7680 704    -832 7552 1728    0 6720 1024    64 6336 1472    320 7104 2048    640 6848 1792    832 6976 2048    
1216 6336 1664    1472 5696 1408    1664 5312 1472    1792 4928 1472    1856 4608 1536    1856 4352 1472    1984 4160 1536    1792 4096 1536    
1664 4096 1472    1408 4160 1472    1344 4160 1344    1280 4224 1344    1280 4096 1280    1344 3840 1344    1344 3520 1408    1536 3328 1408    
1728 3008 1536    2048 2752 1600    2240 2752 1792    2304 2752 1920    2240 2944 1984    2240 2880 1920    2304 3136 1856    2240 3264 1664    
2240 3392 1408    2112 3392 1280    2048 3392 1216    2048 3328 1152    1984 3264 1152    1920 3200 1152    1984 3008 1152    1856 2816 1216    
1920 2816 1152    1856 2880 1216    1792 2944 1344    1856 3008 1344    1728 3072 1600    1664 3200 1600    1728 3264 1536    1728 3392 1536    
1728 3520 1600    1728 3712 1472    1664 3840 1536    1408 4096 1600    1280 4224 1664    1216 4352 1728    1216 4480 1856    1280 4608 1856    
1344 4736 1984    1472 4992 2048    1536 5056 1920    1536 5120 1984    1472 5056 2048    1344 5184 2368    1216 5312 3008    960 5440 3520    
960 5440 3904    768 5376 4096    640 5056 4160    704 4800 4288    640 4672 4480    512 4608 4736    384 4544 4800    192 4416 4736    
192 3968 4480    -64 3392 4480    -128 3328 4544    -64 3200 4672    -64 2752 4544    192 2112 4544    576 1664 4672    832 1472 4352    
960 1024 4032    832 576 4032    768 384 4032    768 128 4352    896 -320 4160    1088 -832 3840    1088 -1024 3776    1088 -1024 3840    
1408 -1024 3840    1472 -1216 3584    1408 -1536 3584    1600 -2048 3520    1472 -2624 3392    1600 -2944 3712    1664 -3328 3968    2048 -3392 4032    
2432 -3456 3968    2752 -3648 4096    2880 -3200 3328    2752 -3264 2560    2496 -2624 2176    2368 -1920 1728    1600 -640 1600    640 320 1152    
-192 1024 832    -960 1472 512    -1600 1664 128    -2240 1728 128    -2368 2112 -704    -3200 1600 -704    -3904 2176 -1088    -4160 2816 -1920    
-4352 2880 -1984    -4480 2688 -1664    -4224 2368 -1856    -4096 2176 -1792    -3968 1728 -1920    -3840 1408 -2112    -3840 1280 -1984    -3840 1088 -1536    
-3968 960 -896    -4096 896 -384    -4224 896 -576    -4352 832 -704    -4416 768 -896    -4416 704 -960    -4544 576 -832    -4544 512 -832    
-4544 448 -704    -4608 512 -384    -4544 448 -320    -4416 384 -320    -4288 448 -320    -4352 448 -256    -4160 448 -192    -4160 448 -64    
-4160 512 64    -4032 640 -128    -4096 576 -128    -4032 576 0    -3968 576 64    -3904 512 64    -3840 512 64    -3776 384 64    
-3776 384 128    -3840 448 192    -3840 512 192    -3840 448 0    -3840 512 256    -3776 448 256    -3840 384 320    -3776 384 320    
-3776 448 384    -3840 448 384    -3840 512 384    -3904 576 320    -3904 640 320    -3840 576 256    -3840 576 320    -3840 576 384    
-3840 576 448    -3904 512 320    -3840 576 192    -3840 640 256    -3840 640 192    -3840 640 256    -3840 640 320    -3840 640 320    
-3840 640 384    -3776 640 448    -3776 576 448    -3776 640 320    -3776 640 384    -3712 576 448    -3648 576 384    -3712 640 384    
-3648 576 448    -3648 576 384    -3648 512 448    -3648 512 448    -3584 512 384    -3584 576 320    -3584 640 320    -3648 704 192    
-3584 768 128    -3584 960 0    -3648 1152 -128    -3776 1344 -320    -3776 1664 -512    -3904 1856 -704    -4032 2048 -832    -4224 2368 -896    
-4352 2560 -1344    -4288 2752 -1664    -4352 2944 -1792    -4416 3072 -1920    -4416 3200 -2368    -4416 3392 -2368    -4416 3584 -2368    -4480 3520 -2560    
-4480 3840 -2752    -4416 3968 -2816    -4288 4544 -2752    -4480 4544 -2496    -4544 4672 -2176    -4800 4672 -1600    -4800 4608 -896    -4736 4416 -128    
-4416 4224 -64    -3968 3840 512    -3328 3840 1728    -2816 3904 3072    -2496 3392 4096    -2176 3008 3584    -1856 3264 4032    -1792 2752 4672    
-1408 2752 4928    -1152 2688 5312    -640 2688 5376    -320 2880 5440    -256 3008 6080    -320 3136 6400    -256 3008 6336    -256 2496 5952    
-384 1792 5824    -704 1216 5888    -1088 896 5568    -1344 640 5632    -1472 704 6144    -1920 192 5632    -2048 384 5632    -2176 256 5440    
-2176 256 5184    -2240 128 4864    -2368 64 4544    -2496 -128 4480    -2496 -256 4224    -2560 -320 4096    -2432 -384 3968    -2432 -704 3840    
-2368 -960 3712    -2240 -1024 3392    -2432 -1024 3200    -2560 -1088 3072    -2432 -1088 2944    -2624 -1088 2752    -2816 -1216 2688    -2816 -1216 2560    
-2880 -1344 2624    -2816 -1344 2496    -2816 -1280 2496    -2944 -1280 2624    -2880 -1216 2624    -2880 -1280 2496    -2944 -1216 2624    -2816 -1216 2560    
-2816 -1152 2560    -2816 -1216 2432    -2816 -1152 2496    -2816 -1088 2368    -2944 -1024 2304    -2944 -960 2176    -3008 -960 2176    -3008 -1024 2304    
-3008 -960 2176    -3072 -960 2240    -3200 -896 2240    -3328 -896 2176    -3200 -832 2112    -3200 -768 2112    -3264 -704 1984    -3200 -704 2048    
-3072 -640 2176    -3072 -640 2368    -3072 -640 2496    -3008 -640 2496    -2944 -704 2688    -2816 -832 2816    -2752 -896 3136    -2688 -960 3520    
-2624 -960 3776    -2560 -1088 4032    -2368 -1216 4352    -2176 -1408 4480    -2112 -1536 4736    -1920 -1664 4992    -1792 -1728 5184    -1728 -1728 5568    
-1664 -1792 5952    -1536 -1728 6336    -1600 -1856 6656    -1664 -1792 6976    -1600 -1536 7040    -1664 -1280 7232    -1856 -768 7168    -2112 -320 6976    
-2368 192 6592    -2624 704 6080    -2816 1280 5248    -3008 1728 4352    -3392 2240 3392    -3840 2816 2240    -4160 3456 1280    -4608 4032 576    
-4736 4736 -448    -4672 5056 -1216    -4480 5824 -1600    -4416 5312 -2304    -4480 4800 -3200    -4224 3968 -4416    -4288 3392 -5376    -4288 3072 -4416    
-4096 2816 -4096    -3840 2496 -3712    -3456 2176 -3392    -3136 1920 -3136    -3072 1728 -3136    -2944 1408 -3072    -2816 1344 -3072    -2880 1344 -2688    
-3008 1216 -2112    -3200 1152 -1792    -3328 1024 -1600    -3456 1152 -1600    -3712 960 -1536    -3904 384 -1664    -4160 320 -1408    -4352 512 -960    
-4544 640 -576    -4672 576 -256    -4800 576 -256    -4672 384 -384    -4480 448 -384    -4416 320 -320    -4160 256 -384    -4096 384 -512    
-3968 320 -576    -3776 320 -768    -3712 256 -896    -3520 448 -1088    -3456 320 -832    -3264 320 -832    -3328 64 -1024    -3328 -64 -1280    
-3264 64 -1216    -3328 0 -1344    -3328 -64 -1344    -3200 192 -1024    -3584 -256 -704    -3584 -384 -640    -3328 -512 -768    -3392 -448 -1152    
-3072 -768 -1280    -2752 -576 -1344    -2688 -640 -1088    -2432 -768 -1024    -2112 -640 -1024    -1856 -704 -960    -1600 -704 -1024    -1280 -768 -832    
-1216 -448 -256    -832 -832 -128    -704 -768 -128    -576 -384 -192    -384 -960 -512    -576 -704 -448    -448 -640 -448    -448 -768 -512    
-320 -448 -704    -320 192 -704    -512 512 -768    -512 384 -896    -704 128 -896    -768 512 -768    -1408 768 -576    -960 768 -384    
-896 1344 -704    -1152 1600 -1152    -1280 1856 -1280    -1536 2048 -1408    -1664 2496 -1408    -1664 2816 -1600    -1792 3008 -2112    -1536 2944 -1792    
-1408 3520 -2048    -1344 3840 -1984    -896 4096 -1920    -448 4736 -1920    192 5888 -2880    576 6976 -3328    1088 7872 -4160    1408 8896 -4864    
1152 9088 -4736    896 9152 -4288    384 8192 -4160    512 6016 -4160    256 6464 -4480    384 5248 -4416    576 2176 -4288    960 3264 -4032    
1664 2752 -3392    1664 3456 -3456    1472 3264 -3456    1408 2944 -3200    1600 2816 -2688    1792 3456 -2304    2176 3264 -2304    1984 3776 -2560    
2688 4032 -1664    2688 3648 -1536    2560 3520 -2112    2560 3904 -1792    2560 3264 -1920    2560 2752 -2304    2176 3200 -2624    2112 3072 -3072    
2112 3776 -2560    2432 2432 -2432    2240 2624 -2688    2304 2432 -2368    2688 2112 -2176    2880 2304 -2112    2432 3072 -2112    2496 2560 -1664    
2560 3200 -1728    2688 3264 -1984    2624 3008 -2048    2496 2816 -1984    2560 2560 -1984    2624 2816 -2304    2688 2688 -2368    2624 2624 -2112    
2624 2560 -1984    2688 2432 -2048    2688 2432 -1984    2752 2304 -1792    2688 2240 -1856    2688 2176 -1792    2624 2304 -1792    2496 2304 -1728    
2560 2368 -1792    2496 2304 -1728    2496 2304 -1728    2496 2240 -1728    2432 2176 -1728    2432 2176 -1728    2304 2176 -1792    2304 2240 -1728    
2304 2368 -1792    2304 2368 -1728    2304 2304 -1600    2304 2304 -1664    2304 2304 -1664    2368 2368 -1664    2368 2432 -1664    2432 2496 -1536    
2432 2560 -1664    2688 2816 -1344    2496 2624 -1472    2688 2688 -1728    2624 3392 -1920    2624 3264 -2048    2688 3328 -2048    2752 3456 -2240    
2752 3648 -2304    2816 3840 -2432    3008 3904 -2304    3136 4032 -2368    3136 4096 -2560    3264 4160 -2880    3200 4160 -3072    3136 4096 -3200    
3072 4160 -3328    3136 4288 -3456    3072 4480 -3392    3264 4672 -3584    3328 4864 -3712    3392 4928 -3776    3520 4800 -3776    3456 4864 -3648    
3584 4544 -4032    3328 4352 -3584    3264 4288 -3520    3008 4352 -3328    2624 4288 -3456    2240 4096 -3712    1920 5312 -3520    1536 4544 -3712    
1344 4160 -3072    896 3776 -2944    832 2560 -3008    320 1984 -2944    0 1664 -2880    -448 1728 -2624    -768 1472 -2688    -960 1536 -2368    
-1216 1472 -2112    -1344 1408 -1792    -1472 1280 -1408    -1472 1024 -960    -1664 768 -576    -1664 448 -576    -1408 384 -576    -1536 128 -512    
-1408 0 -192    -1216 -64 64    -1152 -576 384    -1216 -960 576    -1280 -896 768    -960 -1280 576    -960 -1280 1088    -704 -896 1664    
-704 -768 1984    -704 -1216 2112    -704 -1664 2176    -768 -1536 2240    -768 -1728 2240    -704 -1536 2432    -576 -1536 2368    -576 -1408 2432    
-576 -1472 2368    -448 -1408 2176    -320 -1280 2112    -320 -1344 2368    -448 -1472 2752    -320 -1792 3072    64 -1856 3136    384 -1536 2880    
576 -1408 2880    960 -1088 2752    960 -1088 2816    1024 -1152 3136    1088 -1280 3328    1152 -1408 3520    1344 -1536 3520    1600 -1472 3520    
1792 -1472 3328    1920 -1408 3328    1728 -1152 3328    1792 -832 3392    1600 -832 3456    1408 -640 3200    1344 -1088 3904    1280 -384 3136    
1216 -128 2752    896 -128 3328    704 -64 3392    320 -128 3264    -640 -1408 4608    -320 -640 3648    -384 192 2880    -704 832 3200    
-576 1664 2752    -640 1920 2816    -576 2688 2816    -640 3456 2624    -1152 4672 2880    -1408 5248 2432    -2304 6080 2432    -2816 7424 1472    
-3712 7424 1984    -3648 7232 2240    -2944 6912 2624    -2560 6720 3200    -1856 6400 4032    -1408 5504 4928    -704 4416 5312    -64 3392 4928    
320 3200 4352    1280 2944 3776    1792 2944 2880    1536 3072 2496    1600 3264 2112    1344 3712 2176    960 4288 2176    576 4672 2304    
192 4928 2240    -64 5184 2048    -384 5184 1984    -576 5248 2048    -704 5248 1984    -832 5312 1920    -768 5312 1728    -896 5184 1600    
-768 5376 1664    -704 5632 1280    -576 5696 1280    -384 5632 1344    -256 5632 1280    -256 5248 1280    -256 5056 1088    -448 4800 1088    
-576 4864 1024    -704 4864 832    -768 5056 704    -960 5120 832    -960 5568 768    -960 5760 832    -960 5888 960    -1088 5952 1088    
-1088 5888 1344    -1088 5824 1536    -1088 5568 1920    -1216 5312 1984    -1472 5376 1984    -1600 5504 1792    -1728 5632 1920    -1792 5760 1984    
-1984 6208 2368    -2240 6208 2432    -2112 6336 2496    -2240 6080 2496    -2112 5952 2624    -1792 5760 2880    -1664 5248 2944    -1728 4992 3264    
-1856 4800 3584    -1536 4608 3712    -1472 4416 3904    -1216 4096 3904    -1024 4032 3648    -896 3584 3328    -640 3328 3648    -512 2880 3264    
-448 2688 3264    -384 2048 3520    -192 1600 4032    -128 1344 3904    -128 960 3648    192 832 3264    64 576 3008    -256 896 2496    
-512 896 1856    -128 960 1280    -384 704 1024    -192 576 1280    -192 576 960    -192 384 832    -128 192 832    -192 -320 832    
-128 -192 1472    -192 -768 768    -192 -896 832    -192 -960 768    -192 -960 704    -128 -896 640    0 -1088 448    192 -1088 384    
128 -1280 384    -64 -1216 512    -192 -1152 320    -320 -1216 128    -512 -896 -64    -704 -832 -256    -1152 -640 -256    -1472 -320 -384    
-1792 -192 -576    -2176 -192 -832    -2624 -256 -832    -3136 -320 -896    -3584 -448 -896    -3904 -448 -960    -4416 -384 -960    -4800 -384 -960    
-5248 -192 -960    -5632 -64 -896    -5888 0 -832    -6144 0 -832    -6144 -64 -704    -6208 -64 -640    -6144 64 -320    -6144 0 -192    
-6080 0 -64    -6080 64 -64    -6080 64 -64    -6144 64 64    -6144 64 192    -6080 -64 384    -5952 -192 448    -5824 -320 448    
-5568 -320 576    -5504 -448 512    -5248 -384 448    -5056 -384 320    -4800 -384 192    -4736 -256 192    -4544 -192 128    -4416 -320 0    
-4352 -256 -64    -4224 -128 -192    -4096 -192 -192    -4096 -128 -320    -3968 -192 -320    -3904 -256 -384    -3904 -320 -384    -3904 -256 -256    
-3776 -192 -320    -3776 -192 -256    -3712 -256 -384    -3648 -256 -256    -3712 -320 -128    -3648 -320 -128    -3648 -256 -256    -3648 -192 -256    
-3648 -192 -320    -3648 -256 -192    -3584 -192 -192    -3648 -192 -64    -3584 -192 -128    -3584 -256 -128    -3584 -256 -64    -3584 -256 -128    
-3648 -256 -128    -3712 -320 -128    -3776 -320 -192    -3776 -256 -128    -3840 -320 -192    -3840 -256 -128    -3776 -256 -192    -3776 -256 -128    
-3840 -256 -128    -3840 -256 -128    -3840 -192 -192    -3840 -256 -128    -3904 -256 -128    -3904 -256 -256    -3904 -256 -192    -4032 -256 -64    
-3968 -256 0    -3968 -256 -128    -3904 -320 -256    -3904 -256 -256    -3904 -256 -256    -3904 -256 -256    -3840 -256 -320    -3840 -320 -192    
-3840 -256 -192    -3840 -256 -256    -3840 -256 -256    -3840 -256 -256    -3840 -256 -256    -3904 -256 -256    -3904 -256 -256    -3904 -192 -256    
-3840 -192 -192    -3904 -128 -192    -3904 -128 -256    -3968 -128 -192    -4032 -64 -256    -4032 -64 -256    -4032 -64 -128    -4032 -64 -320    
-4096 0 -256    -4160 0 -192    -4160 0 -256    -4160 -64 -384    -4160 0 -320    -4288 0 -192    -4352 0 -256    -4288 -64 -128    
-4224 -64 0    -4224 -64 0    -4224 -192 0    -4160 -256 128    -4160 -384 192    -4032 -448 256    -3904 -576 448    -3840 -576 576    
-3648 -640 576    -3520 -640 512    -3264 -576 512    -3136 -576 576    -3008 -576 576    -2816 -448 768    -2688 -576 768    -2624 -640 896    
-2560 -768 1024    -2432 -704 1152    -2240 -704 1216    -2368 -704 1536    -1920 -704 1280    -1728 -640 1216    -2176 -576 1472    -1920 -512 1152    
-1792 -256 1088    -1664 -128 832    -1728 128 640    -1664 384 640    -1664 448 512    -1600 512 320    -1600 512 512    -1600 640 448    
-1728 768 448    -1728 1024 384    -2048 896 320    -1856 1024 0    -1856 1152 -64    -1920 1344 -320    -1920 1664 -256    -2112 1856 -256    
-2176 2048 -512    -2112 2240 -448    -1920 2816 -768    -1856 3328 -960    -1920 3584 -1088    -1344 3840 -1472    -1024 4032 -1856    -512 4672 -2560    
-256 4800 -2944    384 5504 -3776    512 5120 -4480    640 5632 -5184    832 5888 -5440    512 6464 -5440    64 6208 -4992    0 5888 -4352    
192 5184 -3904    320 3520 -2368    768 3904 -2432    1216 4544 -2624    1408 4224 -2432    1536 4032 -2624    1600 3776 -2496    1536 3648 -2432    
1280 2432 -1728    1280 2880 -2112    1152 3200 -2368    960 3456 -2176    960 3648 -2240    896 3776 -2240    896 3840 -2240    1024 3776 -2240    
1216 3776 -2240    1344 3648 -2240    1344 3648 -2176    1344 3584 -2176    1408 3648 -2048    1408 3648 -2048    1280 3712 -1920    1344 3712 -1920    
1408 3712 -1984    1472 3648 -1856    1536 3584 -1920    1536 3456 -1920    1536 3264 -1920    1536 3264 -1856    1536 3200 -1792    1536 3264 -1792    
1472 3328 -1728    1472 3392 -1664    1472 3392 -1664    1536 3392 -1600    1600 3328 -1728    1600 3264 -1664    1600 3264 -1664    1536 3200 -1600    
1536 3200 -1536    1600 3200 -1536    1536 3200 -1472    1600 3200 -1472    1664 3200 -1408    1600 3264 -1216    1600 3264 -1344    1600 3200 -1408    
1600 3136 -1344    1600 3136 -1344    1664 3136 -1280    1536 3136 -1280    1600 3200 -1472    1600 3200 -1280    1600 3328 -1408    1664 3392 -1344    
1664 3392 -1280    1664 3328 -1280    1664 3264 -1344    1600 3264 -1408    1600 3392 -1472    1600 3264 -1536    1664 3136 -1600    1600 3072 -1408    
1536 2880 -1280    1344 2048 -1152    1152 2944 -832    1088 2752 -1408    1024 3136 -1280    1024 3136 -1408    1152 3264 -1344    1216 3200 -1280    
1408 3264 -1280    1600 3328 -1408    1600 3328 -1216    1600 3328 -1344    1664 3264 -1344    1664 3200 -1280    1728 3136 -1216    1664 3072 -1216    
1600 3008 -1216    1536 3072 -1216    1536 3072 -1216    1536 3136 -1216    1600 3264 -1280    1664 3264 -1472    1600 3392 -1408    1600 3392 -1216    
1600 3328 -1344    1472 3392 -1216    1472 3456 -1344    1536 3392 -1152    1536 3328 -1344    1600 3328 -1280    1600 3264 -1152    1536 3264 -1152    
1536 3264 -1024    1600 3264 -1024    1600 3264 -1152    1600 3200 -1280    1664 3200 -1344    1728 3200 -1344    1728 3264 -1344    1792 3328 -1344    
1728 3264 -1408    1792 3264 -1408    1856 3328 -1344    1792 3264 -1280    1728 3264 -1216    1728 3200 -1216    1728 3264 -1216    1728 3200 -1216    
1664 3200 -1152    1728 3136 -1280    1664 3200 -1152    1664 3264 -1216    1600 3328 -1152    1536 3328 -1152    1536 3328 -1152    1408 3392 -1216    
1472 3328 -1152    1472 3328 -1216    1536 3328 -1408    1472 3328 -1344    1536 3392 -1280    1536 3264 -1280    1536 3264 -1344    1536 3264 -1344    
1600 3328 -1408    1536 3264 -1280    1536 3264 -1216    1472 3264 -1280    1536 3264 -1280    1600 3136 -1152    1600 3136 -1216    1664 3200 -1344    
1600 3200 -1344    1600 3200 -1216    1600 3264 -1088    1600 3264 -1152    1536 3264 -1152    1536 3328 -1152    1536 3328 -1088    1600 3328 -1152    
1536 3392 -1152    1536 3328 -1024    1536 3264 -1152    1536 3264 -1152    1536 3328 -1152    1600 3328 -1280    1600 3328 -1344    1472 3328 -1216    
1536 3456 -1216    1472 3392 -1216    1472 3328 -1088    1472 3328 -1152    1472 3392 -1280    1536 3392 -1280    1472 3328 -1408    1408 3328 -1216    
1408 3392 -1216    1408 3456 -1280    1408 3456 -1280    1600 3392 -1280    1600 3392 -1280    1536 3392 -1216    1536 3456 -1408    1536 3456 -1344    
1472 3456 -1280    1472 3392 -1344    1536 3328 -1344    1600 3328 -1344    1536 3264 -1216    1472 3264 -1280    1472 3264 -1216    1408 3200 -1216    
1344 3264 -1152    1408 3200 -1152    1344 3264 -1152    1408 3264 -1280    1344 3200 -1216    1344 3200 -1216    1472 3200 -1344    1472 3136 -1280    
1536 3200 -1216    1600 3200 -1280    1600 3200 -1344    1600 3200 -1280    1664 3200 -1216    1664 3264 -1024    1664 3264 -1088    1536 3264 -1088    
1600 3200 -1088    1536 3264 -1088    1536 3264 -1024    1472 3264 -960    1536 3264 -1088    1536 3264 -1152    1600 3264 -1088    1600 3264 -1152    
1600 3328 -1152    1536 3328 -1152    1536 3264 -1088    1536 3328 -1152    1536 3328 -1216    1536 3328 -1280    1536 3328 -1280    1536 3328 -1344    
1472 3328 -1280    1536 3264 -1088    1600 3264 -1216    1536 3264 -1280    1536 3264 -1152    1536 3264 -1216    1536 3328 -1152    1600 3264 -1152    
1600 3264 -1216    1536 3200 -1088    1536 3200 -1088    1536 3200 -1280    1536 3200 -1216    1536 3264 -1152    1344 3456 -1536    1472 3264 -1216    
1472 3392 -1216    1600 3328 -1280    1600 3328 -1216    1600 3328 -1152    1600 3328 -1152    1600 3392 -1152    1600 3392 -1152    1536 3392 -1088    
1536 3392 -1088    1536 3328 -1024    1536 3392 -1088    1600 3328 -1216    1536 3328 -1152    1472 3328 -1152    1536 3264 -1152    1600 3200 -1216    
1600 3264 -1216    1664 3264 -1216    1536 3264 -1152    1536 3264 -1152    1600 3264 -1152    1536 3264 -1088    1472 3328 -1024    1600 3328 -1088    
1600 3328 -1088    1536 3328 -1280    1536 3328 -1216    1600 3264 -1280    1600 3264 -1216    1600 3328 -1280    1600 3328 -1152    1664 3328 -1152    
1664 3264 -1088    1600 3264 -1152    1536 3328 -1152    1600 3328 -1088    1536 3328 -1024    1536 3328 -1088    1536 3328 -1088    1536 3392 -1088    
1472 3392 -1088    1472 3392 -1088    1536 3392 -1088    1600 3392 -1216    1600 3392 -1152    1600 3328 -1216    1600 3328 -1216    1536 3328 -1152    
1536 3392 -1216    1536 3392 -1152    1536 3392 -1088    1536 3328 -1152    1536 3328 -1088    1600 3328 -1152    1536 3328 -1152    1472 3328 -1088    
1472 3328 -1088    1472 3200 -1024    1472 3264 -1088    1536 3264 -1024    1472 3264 -1024    1536 3264 -960    1472 3264 -1024    1472 3264 -1024    
1536 3328 -1088    1536 3264 -1088    1536 3264 -1152    1536 3264 -1088    1536 3264 -960    1472 3328 -1024    1536 3328 -1088    1536 3392 -1088    
1536 3328 -1088    1600 3264 -960    1536 3328 -960    1536 3328 -960    1472 3328 -1024    1536 3328 -1088    1472 3328 -1088    1536 3264 -1088    
1600 3392 -1024    1472 3392 -1024    1536 3264 -1088    1600 3264 -1088    1472 3264 -1088    1472 3328 -1152    1472 3328 -1152    1600 3392 -1152    
1408 3328 -1088    1408 3264 -1088    1536 3328 -1024    16390 13 -16132    1472 3392 -1024    1536 3328 -1088    1536 3264 -1024    1600 3328 -1024    
1664 3456 -1024    1600 3392 -1088    1536 3392 -1088    1536 3392 -1088    1600 3328 -1024    1408 3328 -960    1536 3392 -960    1536 3392 -960    
1600 3456 -960    1472 3392 -960    1408 3392 -960    1408 3456 -1024    1472 3392 -960    1472 3392 -960    1664 3968 -704    1536 3584 -832    
1472 3392 -1024    1408 3328 -1088    1536 3264 -1088    1536 3264 -1088    1600 3392 -1088    1536 3328 -1088    1472 3264 -1152    1472 3392 -1216    
1472 3264 -1024    1472 3328 -1152    1472 3328 -1088    1472 3264 -1088    1536 3328 -1024    1536 3264 -1152    1536 3328 -1216    1536 3264 -1152    
6 -32755 251    1536 3264 -1152    1536 3264 -1152    1536 3264 -1088    1600 3392 -1152    1536 3328 -1088    1600 3328 -1088    1472 3264 -1152    
1536 3392 -1216    1600 3392 -1216    1472 3456 -1152    1472 3392 -1152    1600 3392 -1088    1472 3264 -1088    1472 3392 -1152    1408 3392 -1216    
1536 3392 -1152    1344 3328 -1280    1344 3392 -1216    1472 3456 -1280    1472 3456 -1280    1280 3392 -1216    1536 3584 -1216    1408 3520 -1152    
1536 3712 -1152    1472 3648 -1152    1408 3584 -1024    1408 3520 -1024    1472 3456 -1024    1536 3456 -1088    -32762 13 -32516    1664 3264 -1024    
1728 3392 -1088    1536 3264 -1024    1536 3264 -1152    1536 3328 -1152    1536 3392 -1152    1664 3456 -1088    1600 3392 -1088    1792 3456 -1152    
1792 3584 -1216    1664 3456 -1216    1536 3328 -1152    1600 3392 -1152    1792 3456 -1152    1920 3392 -1216    1408 3072 -1216    1472 3200 -1280    
1792 3264 -1344    1600 3008 -1280    1664 3264 -1280    1728 3200 -1280    1792 3264 -1216    1600 3072 -1216    1536 3008 -1216    1920 3264 -1216    
1984 3264 -1216    1920 3200 -1280    2176 3456 -1344    2048 3392 -1344    1920 3200 -1280    2048 3200 -1280    1984 3200 -1280    1984 3264 -1280    
1984 3264 -1216    1728 3136 -1216    1728 3264 -1216    1792 3136 -1152    1792 3200 -1088    1792 3200 -1088    1600 3072 -1216    1536 3008 -1216    
1536 3072 -1152    1536 3072 -1088    1536 3072 -1024    1600 3200 -1088    1600 3200 -1088    1536 3200 -1024    1600 3200 -1088    1664 3136 -1024    
1600 3072 -1024    1664 3008 -1024    1792 3072 -1024    1728 3072 -1024    1728 3136 -960    1728 3072 -1088    1728 3072 -1088    1728 3136 -1088    
1664 3200 -1152    1664 3200 -1088    1664 3200 -1088    1600 3136 -1152    1664 3136 -1088    1600 3200 -1088    1664 3200 -1088    1728 3200 -960    
1664 3200 -960    1664 3200 -960    1664 3200 -1024    1664 3200 -960    1600 3200 -832    1664 3264 -896    1728 3328 -896    1792 3392 -960    
1856 3392 -960    1792 3328 -1024    1664 3328 -960    1536 3264 -896    1536 3200 -896    1600 3136 -832    1536 3136 -768    1600 3200 -704    
1600 3200 -704    1600 3136 -640    1600 3136 -640    1600 3136 -704    1600 3136 -768    1600 3200 -704    1664 3264 -704    1536 3328 -640    
1536 3264 -704    1472 3264 -704    1600 3392 -576    1600 3392 -640    1664 3456 -576    1728 3520 -448    1728 3520 -576    1792 3584 -512    
1856 3648 -448    1920 3712 -384    1920 3712 -448    1984 3648 -448    1984 3584 -448    2048 3584 -448    2048 3520 -384    2112 3456 -512    
2048 3392 -448    2048 3456 -384    2048 3520 -384    2112 3520 -384    2048 3520 -320    2048 3520 -320    1984 3520 -256    2048 3456 -256    
1984 3392 -320    1984 3328 -384    1920 3392 -384    1920 3520 -384    1920 3584 -320    1920 3648 -256    1856 3648 -192    1792 3520 -192    
1792 3456 -192    1792 3456 -192    1792 3456 -256    1792 3392 -320    1728 3328 -256    1664 3392 -192    1600 3392 -320    1600 3328 -192    
1664 3328 -192    1600 3328 -128    1472 3328 -128    1408 3328 -128    1344 3264 -128    1280 3136 -192    1344 3008 -128    1280 2944 -192    
1280 2944 -192    1216 2944 -256    1152 3008 -256    1152 3072 -256    1024 3008 -320    960 3008 -320    896 3008 -256    768 3008 -256    
768 3008 -320    768 3008 -384    704 3008 -448    768 3008 -512    896 3072 -576    896 3072 -768    1024 3072 -832    1024 3072 -896    
1152 3136 -896    1216 3072 -1088    1408 3008 -1088    1600 3072 -1088    1600 3072 -832    1664 3072 -896    1728 3072 -960    1792 3136 -896    
1792 3136 -896    1856 3072 -832    1920 3200 -832    1984 3200 -1024    2112 3136 -1024    2112 3072 -1024    2176 3008 -1024    2240 3072 -960    
2240 3136 -1088    2304 3136 -1024    2304 3200 -1088    2496 3200 -1088    2560 3136 -1152    2496 2944 -832    2816 3328 -768    2752 3008 -1408    
3008 2944 -1216    3584 3136 -3200    4544 4800 -6848    2880 3264 -3904    2944 2560 -1664    3136 2816 -1216    2944 2688 -768    2816 2304 -448    
2880 2176 -768    2688 2304 -1216    2752 2368 -1152    2752 2176 -256    2624 2560 0    2560 1728 320    2880 2240 -512    2944 2944 -1024    
2624 2752 -896    2752 3072 -512    2816 3264 -384    2688 2560 320    2496 1984 384    2624 1856 256    2688 1728 320    3200 2112 -192    
3328 2048 -512    3328 1984 -576    3392 2176 -448    3200 2432 -896    3136 2432 -448    3072 2432 -192    4032 1088 1600    3264 1536 1536    
2624 2240 2048    3008 1344 448    2816 1536 1024    3264 2176 128    3136 1728 -128    2880 1600 512    3072 1920 384    3008 1792 128    
3328 2496 -128    3072 2304 128    2944 2560 -64    2816 2688 -128    3712 4672 -512    3264 2880 128    3392 3072 64    3328 2688 448    
2944 2560 384    2816 1984 448    2560 2048 512    2560 2240 384    2752 2560 64    2624 2624 128    2624 2496 192    2752 2688 64    
2752 2624 128    2624 2688 -64    2688 2752 64    2560 2816 256    2560 3072 256    2752 3200 448    2880 3264 704    2944 3264 704    
2752 3264 768    2880 3328 576    2944 3520 -128    2496 3520 640    2240 2944 896    2112 2816 512    2304 2944 192    2368 2944 192    
2240 2944 640    2176 2816 704    2112 2304 768    1792 2176 832    2112 2944 256    2112 2880 512    5952 1856 832    4736 3712 768    
4672 3264 1088    3392 3584 1344    3136 3136 1216    1792 1792 1536    1408 2816 1856    3840 3968 2560    3520 2176 2432    3456 2432 1600    
2752 3264 704    2816 3328 960    2752 3200 1024    2880 2752 960    2432 2752 1280    2624 2496 1472    2368 2432 1856    2432 2240 1856    
2560 3328 1152    2368 2944 1216    2432 2688 1600    2496 2624 1728    2496 2432 1472    2496 2240 1344    2368 2240 1408    2368 2368 1536    
2368 2496 1536    2304 3648 1088    2368 3136 768    2496 3008 768    2432 3072 832    2368 2944 1152    2368 2816 1216    2304 2752 1216    
2368 2624 1152    2240 2496 1024    2304 2432 1088    2368 2560 1088    2496 2688 1152    2496 2752 1152    2432 2688 1024    2368 2432 768    
2368 2432 768    2368 2496 768    2368 2752 896    2304 2944 896    2240 3008 1024    2304 3200 832    2240 3072 832    2176 2496 832    
2112 2368 832    2176 2624 832    2560 2688 704    2560 2752 704    2432 2752 896    2368 2752 704    2304 2816 960    2304 2816 1152    
2432 3200 768    2304 3264 448    2304 3456 128    2304 3648 -384    2368 3520 -896    2240 3264 -64    2368 3072 64    2496 2816 576    
2432 2752 1472    2432 2560 1536    2432 2496 1280    2432 2496 1152    2304 2752 960    2368 3008 960    2304 3008 896    2304 3072 1088    
2432 2944 1088    2368 2752 1344    2304 2624 1536    2368 2432 1408  