-128 3328 1792    -256 3328 1856    -192 3328 1792    -256 3264 1792    -256 3264 1856    -256 3328 1856    -192 3328 1856    -256 3328 1856    
-320 3328 1856    -256 3392 1920    -192 3456 1728    -192 3456 1792    -256 3264 1856    -320 3200 1920    -256 3264 1984    -192 3392 1792    
-192 3328 1856    -128 3520 1728    -256 3328 1792    -256 3264 1920    -256 3328 1856    -256 3328 1856    -384 3264 1984    -192 3520 1792    
-256 3328 1856    -256 3328 1984    64 2944 512    0 3584 1344    -128 3520 1600    -128 3328 1728    -192 3264 1728    -192 3200 1792    
-192 3072 1600    -192 3328 1664    -128 3264 1664    -192 3264 1664    -384 3520 1600    -448 2944 1728    -320 3072 2240    -320 3200 2048    
-384 3136 1920    -512 3456 2112    -256 3264 1920    -192 3328 1664    -128 3264 1792    -64 3456 1664    -64 3520 1600    -128 3584 1728    
-192 3328 1792    -128 3328 1600    -128 3328 1728    -128 3392 1664    -64 3392 1728    -64 3264 1792    -64 3264 1728    -128 3328 1600    
-64 3392 1600    -128 3264 1600    -64 3392 1728    -64 3456 1792    -128 3456 1856    -128 3456 1792    -64 3456 1792    -64 3520 1728    
-64 3456 1792    -64 3456 1664    -64 3520 1664    -64 3520 1664    -64 3456 1728    0 3392 1600    -64 3392 1664    -64 3392 1728    
-64 3392 1728    0 3456 1664    0 3456 1600    0 3392 1664    -64 3392 1728    -64 3456 1792    -128 3328 1856    -64 3328 1728    
-64 3328 1728    -64 3392 1664    255 16397 -32762    -128 3136 1536    -64 3072 1472    -64 3136 1472    -128 3072 1536    -64 3264 1408    
-128 3200 1472    -128 3200 1664    -128 3328 1536    -256 3392 1920    -320 3264 1856    -320 3200 1792    -320 3264 1856    -320 3264 1792    
-256 3264 1792    -192 3392 1728    -64 3456 1664    -64 3456 1600    0 3392 1600    64 3328 1408    64 3392 1408    64 3392 1600    
0 3456 1536    0 3392 1536    0 3328 1600    0 3456 1600    0 3392 1600    0 3456 1664    0 3520 1600    0 3456 1600    
64 3456 1600    128 3456 1536    64 3456 1536    64 3392 1536    128 3456 1600    128 3520 1600    192 3520 1536    192 3456 1536    
192 3392 1536    256 3392 1408    320 3328 1344    384 3328 1408    320 3456 1536    256 3392 1600    192 3456 1600    192 3456 1600    
192 3456 1536    320 3520 1408    320 3456 1408    256 3392 1536    256 3456 1664    256 3520 1536    256 3648 1536    256 3584 1600    
320 3584 1408    320 3520 1408    320 3520 1408    256 3520 1472    192 3520 1536    192 3520 1472    192 3520 1536    192 3520 1536    
192 3520 1536    320 3584 1536    320 3520 1536    320 3520 1536    384 3520 1472    320 3520 1408    320 3456 1472    384 3520 1472    
384 3392 1344    384 3392 1344    384 3392 1280    384 3392 1408    384 3392 1408    384 3328 1408    384 3392 1408    384 3392 1408    
384 3456 1408    448 3520 1280    448 3456 1344    448 3520 1408    512 3520 1344    512 3520 1408    512 3456 1408    512 3584 1408    
512 3648 1280    576 3520 1408    512 3584 1408    512 3648 1408    512 3776 1408    576 3776 1408    640 3840 1344    640 3776 1344    
576 3648 1472    576 3776 1472    640 3904 1472    576 3968 1536    576 4032 1536    576 4032 1472    448 4032 1344    320 4032 1472    
256 4032 1536    320 4096 1472    256 4096 1472    320 4352 1600    320 4544 1664    320 4736 1664    320 4928 1856    320 5056 1920    
128 4992 1984    -64 4992 2048    -384 5120 2176    -640 5120 2304    -832 5184 2432    -960 5376 2432    -1152 5248 2432    -1472 5056 2368    
-1408 4864 2432    -1472 4928 2496    -1536 4864 2624    -1600 4608 2176    -1664 4800 2304    -1280 4544 1792    -1536 4544 1856    -1600 4416 1728    
-1536 4288 1600    -1664 4096 1600    -1856 3840 1536    -1856 3712 1536    -1792 3712 1280    -1856 3776 1280    -1856 3520 1344    -1536 3328 1024    
-1472 3328 1088    -1408 3200 896    -1344 3136 832    -1472 2944 832    -1216 3072 1024    -832 2816 640    -704 2432 384    -512 2112 0    
-320 1920 -128    -384 1472 -128    -576 1088 -64    -640 704 -128    -768 192 0    -768 128 0    -704 -448 0    -832 -896 192    
-832 -1088 192    -1088 -1536 128    -1344 -1664 384    -1536 -1984 384    -1728 -2176 192    -1920 -2368 192    -2176 -2368 128    -2432 -2304 320    
-2496 -2304 384    -2560 -2304 448    -2688 -2432 512    -2752 -2496 384    -2752 -2560 192    -2816 -2624 192    -2944 -2560 192    -2944 -2368 320    
-3072 -2304 448    -3072 -2432 512    -3264 -2432 576    -3456 -2560 448    -3584 -2624 384    -3712 -2624 448    -3584 -2880 448    -3712 -2880 448    
-3840 -2816 448    -3840 -2752 384    -3904 -2752 256    -3968 -2688 256    -4032 -2560 512    -4032 -2560 384    -4032 -2560 320    -3968 -2432 320    
-3840 -2240 64    -3840 -2048 0    -3840 -2112 320    -3776 -2048 256    -3776 -1984 384    -3776 -1856 384    -3712 -1792 512    -3584 -1728 384    
-3584 -1664 256    -3584 -1600 320    -3648 -1472 384    -3584 -1408 448    -3520 -1344 512    -3584 -1344 576    -3584 -1344 576    -3648 -1344 512    
-3584 -1344 576    -3584 -1344 512    -3584 -1408 512    -3584 -1408 448    -3584 -1344 512    -3584 -1408 576    -3648 -1408 640    -3712 -1472 640    
-3712 -1600 576    -3776 -1600 576    -3712 -1664 576    -3712 -1664 512    -3712 -1792 640    -3648 -1920 768    -3648 -1984 896    -3648 -1920 1088    
-3648 -1920 1152    -3584 -1984 1408    -3520 -2048 1280    -3520 -2112 1472    -3520 -2112 1664    -3392 -2112 1856    -3328 -2112 2112    -3200 -2240 2240    
-3008 -2368 2240    -3008 -2560 2368    -2944 -2624 2432    -2816 -2624 2432    -2688 -2688 2496    -2560 -2688 2560    -2368 -2624 2688    -2304 -2368 2752    
-2176 -2304 2944    -2112 -2240 2752    -2048 -1792 2944    -2240 -2048 3008    -2368 -2304 2624    -2624 -1920 2624    -2624 -2112 2624    -2496 -1984 2496    
-2560 -1792 2432    -2560 -1536 2240    -2496 -1600 2496    -2560 -1280 2560    -2688 -1280 2688    -2880 -896 2688    -3008 -640 2688    -3008 -512 2240    
-2944 -448 1920    -3136 -256 1600    -3136 -512 1280    -3136 -256 1088    -3136 64 1088    -3456 64 1344    -3520 192 1472    -3520 704 1472    
-3392 1024 1280    -3328 1472 896    -3328 1600 576    -3200 1856 704    -3200 1664 256    -3328 1792 192    -3648 2240 256    -4032 2688 320    
-4480 3136 192    -4928 3520 -128    -5440 3712 -640    -5824 3904 -448    -5888 3904 -384    -5952 3648 -448    -5888 3840 -320    -5696 3904 -320    
-5568 3648 -320    -5376 3328 -256    -5248 3008 -192    -4992 2752 -384    -4800 2432 -256    -4608 2112 -320    -4352 1984 -448    -4224 1856 -448    
-4224 1728 -384    -4160 1536 -384    -4160 1280 -448    -4160 1152 -448    -4096 960 -576    -4096 832 -512    -4096 704 -384    -4096 576 -448    
-4096 448 -448    -4096 512 -256    -4096 576 -128    -4096 576 -192    -4032 640 -256    -4032 704 0    -4160 704 0    -4096 768 -64    
-3968 768 -192    -3904 704 -128    -3776 704 -128    -3712 640 -64    -3712 640 -64    -3712 640 -192    -3648 640 -128    -3648 576 0    
-3648 512 0    -3648 576 0    -3648 512 0    -3648 640 64    -3648 704 64    -3712 832 64    -3776 832 64    -3840 896 0    
-3904 896 64    -3904 960 0    -3904 896 -64    -3904 832 0    -3968 832 -64    -4032 896 -64    -4032 896 -128    -4096 960 -256    
-4032 1152 -256    -4032 1216 -320    -3904 1280 -320    -3904 1280 -448    -3904 1344 -448    -4032 1472 -512    -4032 1536 -640    -4032 1600 -704    
-4160 1728 -640    -4160 1792 -832    -4096 1920 -896    -4160 2112 -1024    -4160 2304 -1088    -4288 2368 -1152    -4288 2432 -1216    -4352 2560 -1216    
-4288 2688 -1280    -4288 2816 -1216    -4288 2752 -1280    -4224 2752 -1088    -4160 2688 -1152    -4096 2304 -1024    -3904 2240 -1280    -3904 2112 -1280    
-3840 2304 -1216    -3904 2368 -1216    -4032 2432 -1024    -4160 2368 -640    -4160 2304 -448    -4160 2176 -320    -4096 2112 -192    -3968 2112 0    
-3904 2112 64    -3776 2048 128    -3520 1984 576    -3584 1856 640    -3520 1792 512    -3648 1664 896    -3712 1600 1280    -3648 1536 1472    
-3712 1344 1728    -3712 1088 1984    -3584 896 2112    -3456 704 2176    -3392 512 2368    -3328 512 2688    -3200 384 2880    -3200 256 3392    
-3264 128 3456    -3328 -128 3520    -3392 -384 3392    -3328 -576 3520    -3136 -768 3776    -2880 -832 3904    -2624 -960 3776    -2368 -1152 3776    
-2176 -1344 3904    -2048 -1408 3904    -1920 -1536 3648    -1984 -1728 3456    -1984 -1792 3520    -1984 -1728 3392    -2240 -2048 3840    -2048 -1664 3584    
-2304 -1984 3456    -2624 -2048 3776    -2496 -1536 3520    -2624 -1664 3456    -2624 -1728 3200    -2752 -1664 3072    -2816 -1600 3136    -2944 -1664 3008    
-3008 -1728 2816    -3072 -1728 2624    -3200 -1728 2560    -3328 -1600 2560    -3328 -1536 2496    -3392 -1536 2432    -3328 -1600 2304    -3328 -1792 2176    
-3264 -1728 2112    -3264 -1856 2048    -3264 -2112 1856    -3264 -2176 2048    -3328 -2368 2048    -3392 -2496 2176    -3456 -2560 2304    -3456 -2560 2432    
-3200 -2368 2304    -2880 -2304 2176    -2560 -2176 2048    -2304 -2176 1728    -2112 -2240 1792    -1984 -2240 1792    -1792 -2112 1920    -1792 -2112 2048    
-1856 -2048 2304    -1728 -2112 2368    -1728 -2112 2240    -1664 -2176 2176    -1536 -2176 2112    -1344 -2176 2176    -1216 -2176 2304    -1088 -2112 2496    
-1088 -2048 2688    -960 -1984 2944    -832 -1920 2880    -640 -1984 2816    -448 -2112 2944    -256 -2048 3072    0 -1984 3200    128 -1856 3264    
320 -1664 3392    448 -1344 3392    576 -1152 3392    768 -896 3392    960 -640 3392    1088 -384 3328    1216 -192 3264    1344 0 3008    
1344 320 3008    1344 832 3136    1344 1344 3072    1152 1728 3072    960 2240 3136    704 2944 3392    384 3520 3584    64 4160 3904    
-384 4352 4160    -960 4352 4608    -1088 4864 4224    -1600 4928 4736    -2048 5248 4608    -2240 5888 4608    -2432 6528 4736    -2880 6400 5056    
-2944 6464 5440    -2944 5952 5184    -2816 5312 5696    -2560 5376 5504    -2944 4480 6720    -2432 4800 5760    -1792 4992 5120    -1408 4544 4544    
-1280 4352 4416    -1024 4224 4224    -832 4160 4224    -704 3968 4160    -640 3648 4160    -576 3200 4096    -448 2880 3968    -320 2560 4032    
-192 2368 3840    -128 2368 3840    -128 2560 3840    -64 2688 3904    -64 2880 3904    -192 2688 3904    -256 2624 3968    -256 2432 3904    
-192 2304 3904    -192 2304 3968    -128 2176 3840    128 2176 3648    256 2048 3520    256 2048 3520    512 2048 3648    640 2048 3648    
704 2048 3776    704 1984 3712    704 1920 3392    768 1920 3392    832 1920 3328    960 1856 3264    1024 1792 3264    960 1728 3456    
960 1728 3456    896 1600 3264    896 1600 3328    896 1600 3264    960 1600 3328    832 1600 3392    832 1600 3392    896 1600 3392    
960 1600 3392    960 1600 3392    896 1728 3392    832 1728 3392    832 1728 3328    832 1664 3328    896 1728 3328    832 1792 3264    
896 1728 3264    960 1728 3264    960 1664 3264    960 1728 3136    896 1728 3200    896 1856 3200    832 1856 3264    832 1920 3328    
640 1984 3392    576 2112 3456    512 2240 3648    384 2304 3520    256 2432 3648    128 2560 3456    64 2752 3456    -64 2944 3520    
-128 3008 3520    -192 3136 3456    -320 3200 3520    -320 3264 3456    -384 3392 3456    -384 3520 3520    -448 3584 3456    -448 3776 3584    
-448 3840 3712    -512 3968 3776    -576 4032 3840    -576 4096 3776    -576 4096 3712    -576 4224 3776    -576 4288 3712    -576 4352 3776    
-640 4352 3520    -704 4416 3584    -576 4608 3584    -576 4608 3520    -512 4672 3520    -640 4736 3648    -576 4800 3776    -640 4864 3968    
-704 4928 4160    -768 4992 4160    -896 4992 4288    -896 4992 4352    -1024 4800 4352    -1088 4480 4288    -1024 4928 5056    -1088 4736 4800    
-1024 4224 4608    -1024 3904 4352    -1088 3840 4352    -1088 3648 4224    -1216 3456 4416    -1280 3264 4288    -1408 2944 4160    -1280 2816 4160    
-1152 2624 4160    -1024 2112 3712    -832 1408 3072    -704 832 2816    -704 448 2752    -576 64 2688    -512 -256 2496    -640 -512 2432    
-704 -704 2176    -704 -768 2112    -768 -960 1664    -896 -1088 1600    -1024 -1216 1472    -1024 -1664 1216    -1024 -1728 1152    -1152 -1920 1280    
-1216 -2112 1216    -1216 -2304 768    -1408 -2496 512    -1600 -2624 320    -1792 -2368 320    -2048 -2560 192    -2176 -2624 192    -2304 -2752 128    
-2368 -2816 0    -2496 -2816 64    -2688 -2752 128    -2816 -2816 256    -2880 -2688 384    -3008 -2688 256    -3008 -2560 192    -3008 -2560 128    
-3136 -2560 320    -3200 -2496 384    -3200 -2496 448    -3136 -2496 512    -3200 -2432 576    -3328 -2368 576    -3328 -2304 384    -3392 -2304 384    
-3392 -2304 384    -3456 -2304 384    -3392 -2240 384    -3392 -2240 448    -3392 -2176 512    -3456 -2176 512    -3520 -2112 384    -3456 -2112 320    
-3456 -2112 384    -3520 -2112 320    -3520 -2048 384    -3520 -2048 320    -3584 -2048 320    -3584 -1984 448    -3648 -1920 320    -3648 -1920 256    
-3712 -1856 256    -3712 -1792 192    -3712 -1728 192    -3648 -1728 128    -3584 -1792 128    -3520 -1792 320    -3520 -1792 192    -3520 -1792 256    
-3584 -1792 192    -3584 -1856 192    -3520 -1920 128    -3584 -1920 128    -3456 -1856 64    -3520 -1856 128    -3456 -1856 0    -3520 -1856 128    
-3584 -1920 256    -3520 -1856 192    -3520 -1920 192    -3456 -1920 64    -3456 -1856 64    -3584 -1856 0    -3584 -1856 64    -3456 -1856 128    
-3456 -1920 128    -3456 -1984 128    -3392 -1984 256    -3328 -1984 256    -3328 -2048 320    -3264 -2048 320    -3264 -2048 384    -3200 -2048 384    
-3136 -2048 448    -3072 -2112 512    -2944 -2176 704    -2880 -2176 640    -2752 -2240 704    -2624 -2304 704    -2496 -2304 832    -2368 -2368 1024    
-2240 -2432 1024    -2112 -2432 960    -2048 -2496 1088    -1920 -2368 1216    -1856 -2432 1216    -1664 -2432 1216    -1472 -2432 1024    -1344 -2432 1024    
-1216 -2368 1024    -1024 -2496 1152    -896 -2432 1344    -832 -2368 1408    -832 -2304 1536    -704 -2112 1536    -704 -1984 1792    -640 -1792 1920    
-512 -1536 2048    -448 -1280 2176    -448 -896 2176    -512 -704 2304    -448 -512 2496    -448 -256 2560    -320 0 2688    -192 320 2688    
-128 768 2624    -192 1152 2560    -256 1344 2432    -192 1792 2432    -320 2688 3136    -384 3328 3712    -448 4096 4480    -320 4800 4544    
-448 5312 4416    -512 5696 3904    -384 5760 3520    -384 5952 3328    64 6144 3328    -128 6848 3136    -256 7232 3264    -384 7040 3136    
-384 7040 3200    -256 6976 3712    -448 6976 4160    -448 6528 4480    -768 6208 4544    -768 5440 4480    -576 5888 4416    -576 5120 4288    
-576 4608 3968    -448 4288 3776    -320 4160 3584    -192 4096 3456    -64 4032 3328    -64 3968 3264    -64 3904 3072    -64 3968 3008    
-64 3776 2944    -192 3648 3008    -128 3520 2944    -64 3328 2880    0 3136 2880    128 3008 2752    128 2944 2880    256 2752 2752    
320 2688 2624    576 2624 2624    704 2560 2560    832 2560 2560    896 2560 2624    960 2624 2624    896 2624 2624    896 2624 2688    
896 2624 2624    896 2560 2688    960 2496 2624    960 2432 2496    1024 2432 2496    960 2368 2560    1024 2496 2752    1024 2432 2688    
1024 2368 2688    960 2432 2688    896 2560 2624    832 2560 2688    768 2624 2688    768 2624 2624    768 2688 2624    768 2688 2624    
768 2688 2688    768 2688 2624    832 2624 2688    832 2624 2816    768 2624 2944    768 2624 2880    768 2688 2816    768 2560 2816    
896 2496 2688    896 2624 2752    896 2560 2688    896 2624 2816    896 2560 2816    896 2624 2880    896 2560 2816    768 2560 2816    
768 2624 2880    832 2624 2816    768 2560 2624    768 2624 2688    832 2560 2688    768 2624 2752    704 2688 2688    704 2688 2752    
768 2624 2752    832 2496 2816    896 2560 2816    960 2688 2624    960 2688 2752    960 2816 2944    1024 3008 2816    896 2816 2816    
768 2816 2624    704 2752 2752    704 2752 2816    704 2816 2752    640 2624 2880    640 2688 2880    576 2624 2816    640 2624 2880    
640 2560 2624    704 2496 2560    768 2432 2496    704 2496 2432    640 2560 2560    704 2688 2624    704 2624 2624    640 2624 2560    
640 2752 2496    576 2752 2624    640 2688 2560    576 2752 2688    512 2752 2752    512 2752 2688    512 2752 2816    576 2624 2752    
576 2560 2560    512 2496 2688    512 2496 2624    640 2496 2560    704 2560 2688    640 2496 2624    576 2496 2688    576 2496 2560    
704 2496 2624    640 2432 2688    640 2496 2816    640 2560 2752    576 2688 2880    576 2624 2880    576 2560 2816    640 2560 2944    
576 2560 2880    512 2560 2752    576 2752 2752    704 2752 2688    640 2752 2816    576 2752 2816    448 2688 2816    512 2624 2752    
576 2624 2880    512 2688 2880    576 2624 2752    512 2560 2688    576 2496 2560    640 2432 2560    512 2496 2560    512 2560 2624    
576 2560 2624    512 2624 2624    576 2752 2624    576 2880 2624    576 2880 2688    512 2880 2752    448 2880 2880    448 2816 2880    
512 2688 2816    448 2688 2880    448 2560 2880    512 2624 2880    576 2624 2624    576 2752 2624    640 2624 2624    640 2624 2688    
640 2624 2688    640 2624 2816    640 2624 2752    576 2560 2752    576 2560 2752    512 2560 2752    576 2624 2752    576 2624 2752    
576 2688 2816    576 2688 2688    896 3264 2368    704 2880 2560    640 2816 2624    512 2688 2688    512 2688 2688    512 2624 2752    
576 2560 2688    640 2624 2752    704 2624 2816    576 2560 2944    576 2624 2880    576 2688 2816    576 2624 2688    576 2624 2752    
640 2624 2816    576 2624 2816    512 2624 2816    576 2560 2816    576 2624 2816    576 2624 2880    576 2624 2880    512 2560 2752    
576 2624 2752    576 2688 2880    576 2688 2880    576 2688 2880    640 2688 2752    640 2688 2752    576 2688 2816    576 2752 2752    
640 2688 2816    640 2624 2880    640 2624 2944    512 2688 2944    576 2688 2944    512 2624 2880    576 2624 2880    576 2624 2880    
576 2624 2880    512 2560 2880    448 2560 2880    512 2560 2880    512 2624 2752    576 2624 2816    576 2624 2752    576 2560 2752    
512 2560 2752    576 2624 2752    576 2624 2752    512 2624 2752    512 2624 2816    576 2688 2816    576 2624 2752    512 2688 2752    
512 2752 2624    512 2688 2752    448 2688 2752    448 2624 2752    512 2624 2688    576 2624 2752    448 2624 2880    448 2624 2752    
576 2624 2752    576 2560 2688    576 2624 2752    576 2624 2752    576 2560 2752    640 2560 2816    576 2624 2880    576 2624 2880    
448 2624 2880    512 2624 2816    512 2624 2880    576 2624 2816    512 2624 2816    576 2624 2688    16386 -16374 16394    576 2560 2816    
576 2624 2752    576 2624 2880    576 2688 2880    576 2624 2752    576 2624 2752    704 2688 2688    640 2688 2752    576 2624 2752    
512 2560 2816    576 2624 2816    512 2560 2816    512 2624 2816    512 2496 2880    512 2496 2816    512 2496 2752    576 2560 2816    
576 2560 2816    576 2624 2752    576 2688 2688    512 2560 2816    512 2560 2816    576 2688 2752    640 2752 2752    576 2624 2752    
640 2560 2816    640 2688 2752    640 2688 2752    576 2624 2816    -32766 10 -32757    640 2688 2816    704 2688 2816    640 2688 2816    
704 2752 2688    704 2688 2816    576 2624 2752    640 2688 2688    768 2752 2752    640 2688 2752    640 2688 2880    576 2752 2816    
512 2752 2752    512 2752 2688    640 2752 2688    640 2688 2752    576 2624 2752    640 2688 2752    704 2816 2816    576 2752 2816    
640 2816 2816    576 2816 2880    512 2752 2816    512 2688 2816    512 2688 2880    448 2624 2880    448 2624 2816    320 2560 3584    
576 2752 3200    448 2496 3008    -32766 -32758 16395    576 2688 2816    576 2688 2752    576 2688 2688    640 2752 2688    640 2752 2752    
640 2752 2688    768 2752 2624    704 2688 2560    640 2624 2560    704 2624 2560    704 2688 2560    512 2624 2560    576 2624 2560    
640 2752 2624    512 2816 2688    512 2688 2688    448 2496 2880    512 2560 2816    576 2624 2688    512 2688 2624    640 2752 2560    
576 2752 2624    576 2752 2560    512 2752 2560    512 2688 2560    512 2688 2624    576 2688 2624    640 2688 2688    640 2752 2688    
704 2816 2624    640 2752 2624    512 2752 2688    448 2752 2752    576 2752 2688    640 2880 2688    448 2688 2752    512 2688 2688    
512 2752 2688    768 2688 2752    896 2752 2752    704 2816 2688    832 2880 2816    832 2752 2752    768 2880 2624    768 2816 2624    
768 2816 2624    768 2880 2624    640 2816 2624    704 2688 2688    768 2752 2752    576 2688 2752    576 2752 2752    512 2624 2816    
448 2624 2752    512 2688 2752    640 2752 2688    576 2688 2688    576 2752 2688    576 2688 2624    -16382 -32758 16394    576 2688 2624    
512 2688 2688    576 2752 2688    576 2688 2688    512 2688 2752    576 2688 2688    576 2752 2688    576 2688 2560    640 2688 2624    
640 2752 2624    640 2752 2688    576 2752 2752    640 2688 2688    576 2752 2624    640 2816 2688    640 2880 2624    576 2752 2624    
576 2752 2624    704 2816 2624    640 2816 2688    704 2816 2688    640 2816 2688    640 2752 2624    640 2688 2560    640 2752 2560    
640 2752 2624    576 2688 2624    640 2752 2624    640 2752 2624    576 2752 2560    576 2752 2624    576 2752 2560    640 2752 2688    
640 2752 2624    640 2752 2688    640 2752 2624    576 2816 2624    640 2752 2688    640 2688 2688    704 2752 2624    704 2752 2624    
704 2752 2624    704 2688 2624    704 2688 2688    576 2688 2752    576 2688 2688    640 2752 2688    640 2752 2688    640 2752 2624    
640 2688 2624    704 2752 2624    640 2752 2624    640 2752 2624    576 2688 2688    640 2752 2624    640 2752 2752    640 2816 2688    
576 2816 2752    640 2816 2816    640 2752 2752    576 2752 2688    640 2752 2688    640 2752 2752    704 2752 2688    704 2752 2624    
704 2752 2560    640 2688 2624    640 2816 2688    640 2816 2624    640 2752 2496    704 2752 2560    640 2752 2560    576 2816 2624    
576 2816 2624    640 2816 2624    640 2752 2624    576 2816 2688    576 2752 2624    640 2752 2688    704 2688 2624    640 2688 2560    
512 2688 2560    576 2752 2560    640 2752 2560    640 2752 2624    576 2688 2560    640 2752 2560    640 2752 2624    640 2688 2560    
640 2752 2560    640 2752 2560    704 2752 2624    640 2752 2496    640 2752 2560    640 2752 2560    640 2752 2624    640 2688 2624    
640 2688 2624    704 2752 2560    704 2752 2496    704 2752 2560    640 2752 2560    640 2752 2496    640 2752 2624    640 2752 2688    
640 2752 2688    640 2752 2688    640 2752 2688    640 2752 2560    704 2752 2688    640 2752 2688    704 2688 2624    704 2688 2560    
640 2752 2688    704 2816 2624    704 2752 2624    704 2752 2560    704 2752 2624    704 2752 2624    704 2816 2624    704 2816 2624    
704 2816 2624    704 2816 2624    704 2752 2688    768 2752 2624    768 2816 2624    704 2816 2624    704 2816 2624    768 2816 2624    
704 2816 2624    704 2880 2688    704 2816 2816    768 2816 2816    704 2816 2688    640 2816 2816    704 2880 2816    640 3008 2816    
640 3008 2880    640 3136 2944    640 3136 2816    640 3264 2880    640 3264 2752    576 3200 2752    576 3200 2752    576 3136 2752    
576 3136 2688    512 3136 2752    448 3200 2880    512 3200 2944    512 3200 2816    512 3136 2560    576 3136 2496    640 3136 2368    
640 3136 2304    640 3328 2240    640 3456 2240    832 3392 2240    960 3520 2304    832 3456 2112    960 3328 2112    896 3136 2240    
896 3136 2176    960 3264 2112    1088 3264 1984    1216 3200 2176    1344 3136 1920    1280 3136 1664    1280 3072 1792    1408 3008 1856    
1600 3008 1856    1408 2944 1920    1472 2880 2048    1408 2944 2176    1408 2944 1984    1472 3072 2112    1408 3008 1920    1280 2944 1728    
1344 2816 1728    1408 2752 1408    1344 2752 1152    1472 2624 1344    1472 2624 1280    1472 2688 1152    1408 2688 1280    1408 2816 1344    
1600 2624 1408    1600 2752 1408    1536 2752 1344    1472 2816 1088    1600 2752 832    1600 2688 832    1664 2560 576    64 -4224 1024    
1728 2176 768    1472 1408 128    1856 1152 320    1792 2496 320    1856 2304 640    1856 2048 960    2048 2496 640    2112 2176 832    
2048 2176 704    2176 2112 576    2176 2048 576    2112 2048 640    2112 1920 896    1664 1856 896    1984 1472 640    2048 1792 1216    
2240 1856 1600    2304 2048 1472    2624 2368 1856    2752 2368 1856    2816 2304 1664    2944 2304 1728    3008 2304 1472    3200 2176 1280    
3264 2112 1152    3264 2048 1088    3136 2048 896    3328 1856 1024    3392 1792 960    3328 1664 1024    3328 1536 1024    5056 1216 1408    
4224 1856 1216    4096 3840 768    4160 3584 1408    3776 2176 960    4352 14848 -448    3328 8192 -64    3392 5440 1472    3840 3200 1600    
3520 2752 1088    2432 3328 1728    8192 3136 576    4928 4160 -320    2048 3264 -384    3776 2112 256    3392 1728 1792    2368 1920 1728    
4288 1792 1664    3776 1472 2240    2688 1216 2176    3456 1216 1984    3328 1408 2176    3072 1408 1856    3072 1344 2240    3200 1280 2304    
2944 1536 2240    3008 1664 2368    3008 1600 2176    3072 1536 2048    3008 1408 2048    2816 1344 2304    2752 1344 2048    3008 1472 1920    
2880 1536 1664    2880 1600 1664    3200 1920 1280    3008 2048 1984    2944 2240 2304    2816 1984 2304    2880 1920 2432    2944 1792 2496    
2816 1792 2304    2880 1664 2176    3008 1600 1856    2944 1536 1792    2816 1600 1664    2816 1664 1728    2816 1856 1792    2816 1984 1728    
2880 1920 1728    2944 1856 1664    2944 1792 1792    2944 1728 1792    2944 1728 1920    3008 1728 1728    2944 1792 1728    2880 1792 1728    
2944 1856 1920    2816 1856 1856    2880 1792 1856    2944 1664 1664    2944 1664 1792    3008 1792 1664    3072 1792 1856    3008 1728 1728    
3008 1792 1728    2944 1792 1792    2880 1856 1856    2880 1856 1856    2816 1792 1792    2880 1792 1664    2880 1792 1792    2880 1792 1664    
2944 1792 1920    2880 1920 1920    2944 1920 1792    2880 1920 1728    2880 1856 1856    2880 1856 1664    2816 1600 1856    2880 1728 1856    
2944 1920 1664    2880 1984 1536    2880 1920 1408    2880 1920 1664    2816 1920 1792    2880 1984 1792    2880 1984 1792    2880 1920 1664    
2880 1856 1728    2880 1856 1600    2880 1792 1792    2880 1984 1600    2944 1984 1600    2880 1984 1664    2816 1920 1600    2944 1856 1664    
2816 1792 1728    2944 1920 1792    3008 1920 1792    3072 1856 1920    2944 1920 1728    2880 1920 1792    2880 1984 1728    2816 1920 1728    
2944 1728 1536    2816 1984 1664    2752 2112 1536    2944 1984 1664    2944 1984 1792    2880 2048 1856    2880 2112 1728    2880 2112 1600    
2880 2112 1792    2880 2112 1472    2816 2112 1344    2816 2048 1280    2752 2112 1280    2752 2112 1344    2752 2176 1344    2816 2176 1536    
2880 2176 1536    2880 2176 1536    2944 2112 1536    2944 2048 1536    3008 2496 1344    2816 2944 1088    3072 3008 768    2944 2688 1088    
2880 2432 1664    2944 2176 1856    2944 1984 2240    2944 1856 1984    2944 1600 1600    2944 1792 1472    2880 2048 1472    2816 2240 1472    
2752 2240 1664    2752 2240 1856    2752 2240 1728    2816 1984 1408    2816 1920 1216    2816 1792 1152    2880 1856 1344    2880 1984 1536    
2944 2112 1728    3008 2240 1792    2944 2240 1792    2816 2240 1728    2816 2176 1664    2880 2048 1664    2944 1984 1792    2880 1984 1920    
2816 1984 1728    2816 1984 1536    2752 2048 1536    2816 2112 1408    2880 2240 1344    2944 2176 1408    2880 2176 1664    2944 2112 1664    
2880 1984 1536    2816 2048 1472    2880 1984 1472    2880 1984 1600    2816 2048 1536    2816 2048 1536    2880 2112 1600    2816 2112 1600    
2944 2048 1536    2880 2048 1600    2880 1984 1664    2816 2048 1728    3008 2048 1792    3008 2048 1664    2880 2112 1792    2880 2048 1600    
2816 2048 1600    2752 2048 1600    2816 2048 1792    2880 2048 1536    2816 1984 1536    2752 2048 1472    2752 2048 1472    2816 2112 1600    
2816 2112 1536    2880 2112 1472    2880 2112 1600    2944 2112 1728    3008 2112 1600    3008 2048 1600    2944 2048 1664    2944 2048 1664    
2880 2112 1664    3008 2048 1536    2944 2112 1536    2944 2048 1472    2880 2048 1344    2944 2112 1344    2944 2112 1472    2944 2112 1536    
2944 2112 1536    2944 2048 1664    2944 2112 1664    2880 2048 1472    2816 2112 1408    2880 2048 1344    2816 2048 1408    2752 2048 1536    
2752 2112 1472    2816 2048 1408    2944 2048 1536    2880 2048 1536    2752 2048 1536    2752 2112 1472    2816 2048 1536    2880 2112 1600    
2880 2112 1600    2880 2112 1600    2880 2112 1472    2816 2112 1408    2880 2048 1600    2880 2048 1600    2880 2112 1600    2880 2176 1600    
2944 2112 1536    2880 2176 1472    2944 2112 1536    2880 2112 1536    2816 2112 1408    2880 2048 1472    2752 2048 1472    2816 2112 1408    
2816 2048 1536    2880 2112 1536    2944 2176 1536    2944 2176 1600    2880 2112 1728    2944 2048 1536    2944 1984 1600    2880 2048 1600    
2816 2048 1664    2816 2112 1536    2880 2048 1472    2752 2048 1536    2752 2048 1600    2880 2112 1600    2880 2048 1472    2816 2048 1408    
2880 2048 1472    2752 2048 1408    2880 2048 1408    2816 2048 1408    2880 2048 1472    2880 2112 1536    2816 2112 1472    2752 2048 1536    
2816 1984 1536    2880 1984 1472    2880 2048 1472    2816 2048 1536    2816 2048 1664    2880 2048 1536    2880 2048 1600    2880 2048 1664    
2880 2048 1728    2816 2048 1664    2816 2048 1600    2752 1984 1536    2816 2048 1536    2880 2048 1664    2880 2048 1728    2816 2112 1664    
2816 2112 1664    2816 2048 1728    2880 2048 1728    2816 2048 1600    2880 2048 1536    2880 2112 1344    2944 2048 1600    2880 2112 1728    
2944 2112 1600    2880 2176 1728    2880 2176 1600    2880 2176 1536    2880 2112 1600    3008 2048 1536    2944 2112 1536    2880 2048 1536    
2880 2048 1472    2880 2048 1472    2816 2048 1600    2880 2048 1728    2880 2048 1472    2880 1984 1472    2816 1984 1536    2752 1984 1536    
2816 2048 1728    2944 2112 1600    2944 2048 1536    2880 2112 1600    2816 2048 1728    2880 2048 1728    2944 2048 1600    2880 2048 1728    
2816 2048 1728    2880 2112 1664    2816 2112 1472    2752 2048 1408    2752 2048 1408    2816 2048 1408    2752 2048 1536    2752 2048 1536    
2752 2048 1408    2816 2048 1280    2880 2048 1408    2816 1984 1472    2816 1984 1472    2816 2048 1728    2880 2048 1792    2880 2112 1728    
2944 2112 1664    3008 2112 1472    2944 2048 1664    2944 2112 1728    2880 2112 1792    2880 2112 1792    2816 2112 1728    2816 2048 1536    
2816 1984 1472    2816 2048 1472    2880 2048 1408    2816 2048 1408    2944 2112 1408    2816 2048 1536    2816 1984 1408    2816 1984 1408    
2816 2048 1216    2816 2048 1344    2944 2048 1600    2944 2048 1664    2880 2112 1536    2880 2112 1600    2816 2112 1536    2816 2112 1472    
2816 2048 1536    2816 2048 1664    2880 2112 1600    2944 2112 1536    2944 2048 1536    2880 2048 1536    2816 2048 1536    2752 2112 1664    
2816 2048 1472 