-768 -2432 -2368    -896 -2432 -2176    -832 -2368 -1984    -832 -2112 -1856    -960 -1920 -1792    -1088 -1664 -1792    -1216 -1472 -1600    -1280 -1408 -1280    
-1344 -1280 -1152    -1536 -1280 -960    -1600 -1152 -768    -1728 -1216 -768    -1792 -1152 -704    -1920 -1024 -640    -1920 -896 -320    -1920 -832 -64    
-1920 -768 64    -1792 -640 64    -1600 -640 192    -1664 -512 128    -1792 -512 128    -1920 -576 192    -1792 -576 512    -1920 -384 576    
-1920 -192 576    -1984 0 768    -1984 128 896    -1984 64 1216    -1920 192 1344    -1920 256 1472    -2112 384 1856    -2048 704 1728    
-2048 832 1792    -2176 1088 1856    -1984 1216 1920    -1920 1344 1984    -1792 1344 2112    -1664 1344 2368    -1600 1088 2304    -1664 896 2304    
-1920 896 2368    -2112 768 2432    -2240 832 2624    -2560 704 2880    -2752 704 3008    -3072 1344 2816    -3392 2176 2688    -3520 2240 2624    
-3712 1984 2752    -3712 1600 2624    -3712 1152 1600    -4032 832 1152    -4416 896 832    -4480 896 704    -4416 768 896    -4352 896 1280    
-4224 960 1536    -4160 1344 1728    -4288 1472 1792    -4224 1600 1856    -4288 1792 1792    -4288 1856 1600    -4352 1920 1408    -4160 1856 1344    
-4032 1728 1280    -3968 1728 1408    -3712 1536 1280    -3584 1408 1600    -3648 1408 1856    -3456 1216 2176    -3200 1152 2048    -3008 1216 2112    
-2880 1344 2048    -2752 1472 2304    -2496 1664 2112    -2240 1792 2048    -2112 1856 2176    -2048 2112 2176    -1984 2112 2176    -1664 2112 2304    
-1408 2048 2432    -960 2048 2368    -576 2048 2496    -256 2048 2560    -64 2112 2688    256 2304 2752    384 2368 2752    576 2560 2752    
768 2560 2752    960 2752 2752    1024 3200 2752    1152 3584 2752    1408 3840 2752    1728 3968 2688    1984 4096 2560    2176 4288 2688    
2432 4480 2688    2624 4544 2432    2624 4544 2368    2816 4544 2496    2944 4608 2432    3200 4608 2304    3392 4672 2176    3456 5056 1856    
3584 5376 1600    3520 5440 1472    3584 5376 1280    3520 5120 768    3456 4928 320    3200 4928 0    3008 4928 -320    2752 4736 -256    
2560 4672 -384    2560 4480 -384    2496 4352 -704    2304 4224 -832    2176 3968 -1152    2048 3840 -1472    1664 3840 -1792    1024 3904 -2112    
576 3712 -2368    512 3456 -2496    576 3200 -3008    1088 3072 -3584    1728 2880 -4608    2432 2368 -5376    3072 1920 -6336    3392 1728 -7104    
3392 1728 -7680    3648 1792 -8000    3776 1920 -8384    3776 2112 -8640    3712 2240 -8768    3520 1920 -8448    3200 1408 -8320    2624 768 -7808    
2112 192 -7488    1856 -192 -7296    1664 -192 -7104    1344 64 -6912    1088 320 -6656    1152 704 -5952    1088 960 -5632    1152 1024 -5248    
1344 768 -4992    1408 384 -4864    1472 64 -4800    1472 0 -4992    1408 0 -5248    1344 64 -5440    1280 192 -5504    1280 320 -5248    
1280 512 -5440    1344 640 -5440    1408 768 -5504    1408 768 -5952    1152 896 -6464    832 896 -6720    768 704 -6720    768 384 -6656    
832 256 -6656    896 192 -6464    896 256 -6336    576 64 -6400    0 -192 -6400    -192 -384 -6400    -448 -640 -6464    -896 -704 -6656    
-1536 -512 -7232    -2112 -256 -7552    -2368 -576 -7168    -2304 -768 -6720    -2432 -960 -5568    -2688 -1024 -4672    -3072 -832 -3648    -3392 -640 -2560    
-3648 -320 -1792    -3456 -64 -832    -3008 256 -64    -2560 320 768    -2240 384 1280    -2176 512 2048    -2048 832 2688    -2240 1728 3392    
-2304 2496 3776    -2368 3008 4288    -2304 3392 4416    -2240 3584 4544    -2240 3648 4928    -2112 3776 4864    -1984 3648 5504    -1728 3584 5632    
-1728 3840 5376    -1728 3840 5568    -1664 3712 5440    -1792 3584 5248    -1792 3328 4992    -1920 3200 4864    -1856 3008 4416    -1792 2624 4032    
-1728 2368 3968    -1536 2240 3712    -1664 2112 3648    -1536 1984 3520    -1664 1984 3456    -1536 1856 3392    -1344 1664 3072    -1152 1664 2944    
-1024 1344 2688    -832 1088 2688    -768 960 2560    -704 768 2752    -576 704 2624    -512 640 2752    -448 576 2560    -384 576 2432    
-192 640 2368    -64 832 2112    64 1024 2176    192 1152 2176    320 1280 2176    512 1344 1984    640 1280 1984    960 1152 1920    
1280 1216 1856    1536 1152 1792    1856 1088 1408    2112 1152 1152    2368 1472 832    2624 1664 576    3008 2304 128    3328 2752 512    
3712 3136 1088    3904 3328 1408    3904 3328 1280    4032 3136 960    4352 3136 448    4992 3392 -64    5376 3648 -576    5760 3840 -640    
6016 3968 -1024    6080 4032 -1408    6144 3904 -1536    6336 3648 -1536    6464 3520 -1856    6912 3520 -2304    7424 3584 -2816    8128 3520 -2560    
8704 3456 -2304    9600 3648 -2240    9664 3904 -2432    9920 4288 -2816    9920 4608 -3328    9600 5120 -3520    9856 5184 -3392    9984 5760 -3520    
10304 6208 -3200    10368 6528 -2496    10304 6592 -1856    9664 6656 -2112    8960 6848 -2816    8640 7360 -3968    7808 8128 -4672    7104 8960 -4864    
6592 9728 -4800    6592 10112 -4416    6912 9792 -4096    7168 8960 -3968    7168 7936 -4032    7040 7040 -4352    6720 5952 -4864    5952 5184 -4992    
5184 5056 -4800    4608 4928 -4736    3776 4672 -4992    2816 4352 -5184    2048 4160 -5056    1472 3776 -4736    1152 3008 -4416    1088 2112 -3840    
1088 1344 -3776    1024 768 -3520    960 320 -3136    1088 128 -2944    1088 0 -2688    1152 -64 -2432    1152 0 -2304    960 -64 -2176    
704 -64 -2176    384 64 -1984    64 128 -1856    -384 384 -1536    -832 640 -1216    -1216 704 -1024    -1536 512 -896    -1792 512 -832    
-2048 576 -1088    -2432 640 -1088    -2944 960 -1152    -3520 1088 -1024    -3840 1152 -896    -3904 1216 -512    -3776 1152 -512    -3712 1024 -256    
-3712 832 192    -3328 576 384    -3264 256 320    -3456 128 64    -3776 256 -192    -3968 320 -128    -4224 256 256    -4352 256 576    
-4352 0 896    -4224 -256 832    -4224 -512 1088    -4352 -768 1344    -4288 -1088 1472    -4160 -1408 1344    -4224 -1600 1152    -3904 -1792 704    
-3648 -1856 512    -3520 -1536 512    -3584 -1472 320    -3904 -1280 192    -4032 -1024 64    -4096 -768 -192    -4288 -704 -128    -4352 -512 -320    
-4224 -256 -768    -3968 192 -1344    -3648 768 -1728    -3328 1088 -1984    -3136 1280 -2304    -2880 1472 -2176    -2496 1344 -1792    -2176 1216 -1536    
-1728 896 -1216    -1344 512 -768    -1024 128 -448    -512 64 -448    64 192 -512    704 704 -384    1280 960 -512    1792 1344 -768    
2240 1856 -1088    2624 2176 -1152    2816 2496 -1280    3136 2432 -1472    3456 2560 -1984    3968 2944 -2688    4608 3328 -3008    5568 3456 -3392    
6208 3648 -3776    6784 3776 -4416    7232 3840 -4864    7616 3904 -4544    7936 3968 -3904    8320 4096 -3328    8576 4096 -2880    8704 3712 -2368    
8640 3264 -2240    8960 3136 -1728    9280 2944 -1600    9792 2688 -1344    10048 2880 -1280    10432 3072 -1600    10368 3008 -1344    10176 3136 -1600    
10112 3072 -1344    9856 3136 -1280    9216 3520 -704    8768 3968 448    8192 4160 1280    7552 4480 1920    6976 4544 2240    6592 4672 960    
5888 4608 256    5248 4352 320    4480 4032 -192    3520 3712 -512    2752 3392 -576    1792 3264 -704    832 3136 -704    64 3584 -960    
-576 3712 -832    -640 3520 -1088    -768 3200 -896    -1152 2688 -832    -1536 2304 -1152    -2048 1856 -1152    -2368 1344 -1408    -2752 1152 -1728    
-2624 1344 -2304    -2368 1472 -2752    -2176 1344 -3392    -1856 960 -3840    -1728 576 -4288    -1280 256 -4032    -768 256 -3712    0 512 -3648    
704 768 -3392    1472 832 -3392    1984 576 -3456    2176 320 -3648    2176 384 -3968    2112 960 -4160    2496 1664 -4288    3456 2496 -5120    
4544 3456 -6016    5120 4160 -6656    5056 4608 -6912    4864 4544 -6464    4800 4288 -5440    4864 3904 -4672    4736 3584 -4480    4864 3392 -5184    
4864 3200 -6720    4800 2880 -8000    4352 2496 -9408    3776 2304 -11008    3200 2112 -12288    2432 1856 -12864    1792 1664 -13056    1664 1920 -12544    
1600 2112 -11904    1728 2176 -11328    1728 2240 -10496    1472 2240 -9984    1152 2112 -9152    512 2048 -8448    -64 2304 -8064    -832 2368 -7296    
-1280 2624 -6912    -1728 3072 -6336    -1920 3520 -6272    -1792 4032 -6016    -1728 4544 -5312    -1472 4864 -4736    -1408 4672 -4480    -1280 4224 -4032    
-1216 3712 -3712    -1216 3456 -3520    -1280 3264 -2944    -1088 3776 -2304    -896 4288 -1408    -832 4864 -1152    -704 4800 -1216    -512 4224 -1536    
-64 3328 -1472    192 2560 -1216    384 2176 -1600    1024 2432 -1664    1600 2880 -2048    2560 3328 -2624    3136 3328 -3008    3584 2688 -3136    
4032 2112 -3584    4736 1536 -3776    5632 1216 -3584    6400 1920 -3840    6720 2752 -4288    6272 3136 -4480    5696 3136 -4736    5696 3008 -4288    
6208 3072 -3776    7296 3520 -3584    7808 3520 -3776    7872 3136 -3840    7552 2624 -4096    7296 2176 -3904    6912 2048 -3776    6592 2176 -3648    
6272 2496 -3392    5760 3072 -3200    5056 4160 -3008    4672 5376 -2816    4480 6144 -2368    4224 6912 -1984    3968 7360 -1664    3776 7232 -1792    
3520 6976 -2112    3200 6848 -2176    2880 6592 -2112    2112 6720 -2304    1408 7040 -2304    832 7360 -2432    192 7360 -2624    -384 7104 -2816    
-832 6464 -2688    -1408 5440 -2880    -1984 4864 -2816    -2688 4672 -2688    -3136 4928 -3136    -3264 4928 -3456    -3264 4608 -3520    -3392 3904 -3712    
-3072 3136 -3520    -3072 2176 -2816    -2944 1408 -2496    -3008 896 -2496    -2816 832 -2880    -2368 1088 -3648    -1728 1792 -3968    -832 2176 -4544    
-640 2112 -4608    -512 1536 -4608    -640 1024 -4224    -704 768 -3840    -512 896 -3584    192 1536 -4096    960 2368 -5312    1728 3328 -6080    
2624 4224 -6912    3264 5120 -6528    3904 5504 -6080    4224 5184 -6144    4224 4608 -6080    4096 3776 -5440    4096 3072 -5056    4480 2880 -4928    
4736 3520 -5312    4736 4608 -6016    4608 5248 -6400    4608 5248 -6720    4352 4800 -7488    4224 3904 -8704    4416 2624 -10176    4288 1792 -11264    
4352 1152 -12736    4416 960 -13952    4032 960 -14528    3584 832 -14464    3136 832 -13952    2432 832 -12928    1664 1024 -12288    1216 1280 -11904    
704 1408 -11136    128 1920 -10432    -320 2304 -9856    -512 2560 -9344    -896 2816 -8960    -1088 3008 -8896    -1280 3200 -8768    -960 3456 -8704    
-704 3456 -8000    -512 3264 -7360    -384 3072 -6400    -512 2688 -5888    -576 2688 -4736    -512 3072 -3712    -320 3520 -3328    -320 4032 -3136    
256 4160 -2880    704 4160 -3008    1280 3776 -2944    1920 3200 -3008    2496 2368 -2944    2752 1600 -2560    3200 1152 -2432    3328 960 -2560    
3328 960 -2880    3264 1024 -3264    3200 1088 -3264    3008 1280 -3136    2944 1856 -3264    3328 2816 -3584    3904 3712 -3968    4288 4160 -4352    
4608 4032 -4544    4928 3776 -4544    4992 3328 -4480    4864 3264 -4032    5056 3456 -4096    4992 4032 -4672    4928 4736 -5056    5120 5504 -5440    
5632 6080 -5696    6080 6464 -6016    6272 6976 -6464    6400 7552 -6144    6336 8448 -5632    6272 9344 -4928    5760 10112 -4864    5184 10624 -4864    
4544 10944 -4608    3968 10816 -3712    3456 10624 -3200    2752 10368 -2496    2176 10176 -1920    1856 9344 -1600    1600 8448 -1216    1344 7232 -832    
1088 6016 -384    832 4928 192    448 3776 768    128 2944 768    -192 2368 896    -192 1984 832    0 1664 576    256 1152 384    
448 512 576    512 -128 832    512 -576 576    192 -1152 768    -448 -1792 1088    -832 -3136 320    -1152 -3712 896    -1472 -3776 1088    
-2048 -2688 896    -2304 -1792 640    -2624 -1344 256    -2880 -1024 -512    -2880 -1024 -896    -3264 -1344 -1280    -3520 -1728 -1536    -3904 -1728 -1600    
-4288 -1408 -1280    -4352 -896 -1344    -4224 -384 -1536    -4224 -192 -1536    -4160 -320 -1472    -4288 -384 -1408    -4288 -640 -896    -4416 -704 -896    
-4416 -832 -1024    -4416 -960 -1024    -4672 -1344 -1344    -4928 -1472 -1600    -5056 -1472 -1600    -5312 -1216 -1280    -5120 -832 -768    -4992 -896 -320    
-5056 -1728 320    -4992 -2752 512    -4736 -2560 192    -4352 -1920 0    -3904 -1408 128    -3392 -1152 832    -2880 -896 1216    -2048 -896 1664    
-1600 -704 2176    -768 -576 2368    -128 -256 2688    256 256 2880    704 640 3392    1216 896 3392    1664 1088 3520    2304 1280 3712    
2880 1344 3904    3264 1600 3968    3520 1728 4224    3968 1984 4224    4352 2240 4224    4608 2496 4416    4800 2624 4160    4992 2688 4032    
5056 2688 3904    5248 2432 3840    5312 2368 3584    5568 2304 3328    5824 2304 3072    5888 2240 2816    6016 2368 2240    6016 2624 1728    
6080 2880 1088    6208 3200 448    6144 3328 256    6208 3264 -256    6464 3328 -832    6528 3328 -1536    6528 3456 -2240    6528 3456 -2880    
6656 3328 -3520    6592 3264 -4288    6656 3264 -5184    6976 3264 -6336    7232 3072 -7168    7744 2944 -7744    8384 2880 -8832    8832 2880 -10304    
8512 2944 -12096    8128 2688 -13312    7296 1920 -13632    6464 1280 -13632    5632 960 -13120    5440 1024 -12800    5248 1344 -12224    5184 1728 -12160    
4928 1920 -11456    4864 2304 -9216    4416 2432 -9920    3840 2240 -9664    3456 1920 -8832    3200 1408 -8192    3264 1088 -7616    3328 832 -7360    
3264 1472 -7488    3200 1216 -7552    3136 960 -7488    3200 832 -7424    3392 704 -7296    3328 576 -7488    3136 640 -7424    3136 896 -7616    
3264 1088 -7616    3264 1280 -7552    3328 1280 -7552    3712 1216 -7744    3904 896 -7680    4160 512 -7168    4224 384 -7104    4224 192 -7168    
4352 0 -7424    4224 -320 -7616    4096 -448 -8128    3840 -576 -8000    3904 -576 -8256    3776 -512 -8448    3776 -448 -8448    3264 -320 -8320    
3008 -384 -8256    3072 -704 -8256    2880 -768 -8576    2816 -832 -8832    2624 -1152 -9024    2560 -1024 -8960    2048 -896 -8704    1792 -832 -8320    
1280 -704 -8000    768 -640 -7808    320 -768 -7360    192 -704 -7232    128 -576 -6784    256 -768 -6208    192 -704 -6016    192 -832 -5376    
128 -896 -4800    -64 -896 -4672    -64 -832 -4352    -320 -576 -4416    -576 -384 -4416    -384 -448 -4160    -128 -448 -4032    0 -384 -3904    
384 -64 -3776    320 128 -3328    448 320 -2880    704 640 -2560    1152 896 -2048    1536 1216 -1408    2304 1280 -832    2816 1344 -640    
3456 1536 -704    3776 1728 -256    4032 1856 -384    4224 1984 -192    4544 1856 -128    4608 1728 -128    4736 1600 -128    4864 1344 -256    
4928 1280 -512    4928 1216 -768    4928 1216 -1024    4992 1280 -896    5056 1472 -1024    5184 1536 -832    5312 1472 -768    5440 1536 -576    
5760 1408 -576    5760 1152 -448    5760 1152 -768    5824 1024 -1088    5632 832 -960    5632 576 -896    5504 640 -768    5632 640 -384    
5952 1024 -448    6272 1216 -256    6464 1408 -192    6464 1536 64    6400 1792 128    6272 1920 -128    6080 1856 0    5824 1600 256    
5568 1408 512    5376 1024 768    5120 896 704    5184 1024 0    4864 1472 -448    4672 1792 -192    4480 2240 -64    4160 2688 384    
3968 3200 896    3712 3520 896    3712 3520 896    3712 3584 192    3840 3648 0    3840 3840 -256    3840 4032 -256    3840 4416 -512    
3776 4608 -704    3712 4800 -768    3456 5120 -576    3008 5248 0    2624 5312 768    2432 5056 1088    2432 4608 1152    2560 4224 640    
2752 3776 -64    2688 3584 -960    2560 3648 -1984    2432 3840 -3136    2240 3840 -3712    1856 3968 -4352    1280 4160 -4544    1536 4736 -4608    
1984 5376 -5440    2304 5696 -6400    2240 5760 -7680    1536 5504 -9216    512 5376 -9984    -576 5824 -10624    -896 6784 -10048    -768 7872 -8704    
-576 8704 -6592    -64 8960 -4480    512 8640 -2944    960 7872 -1984    1152 7168 -2496    1088 6208 -2624    640 5632 -2880    256 5504 -3200    
64 5440 -3136    -192 5632 -3072    -448 5696 -2816    -256 5632 -2752    -64 5248 -2752    0 4928 -2496    64 4736 -2240    0 4928 -2304    
-64 5312 -2624    -192 5568 -2688    -256 5888 -2816    -448 5760 -2880    -448 5376 -2432    -640 4992 -2240    -832 4736 -2176    -1024 4608 -2112    
-1088 4736 -2240    -896 4928 -2112    -896 5120 -1856    -960 5248 -1856    -1088 5184 -1408    -896 4928 -1216    -832 4672 -1152    -576 4352 -1280    
-512 4096 -1088    -768 4096 -960    -1088 4224 -832    -1344 4096 -896    -1344 3968 -832    -1280 3648 -832    -1024 3392 -768    -768 3264 -320    
-576 3136 -192    -448 3008 -128    -448 2816 0    -576 2624 -128    -768 2432 -384    -960 2112 -320    -960 1728 -512    -1024 1152 -448    
-1408 576 -704    -2048 192 -1024    -2816 0 -1344    -3456 -576 -960    -4032 -1344 -704    -4608 -1984 -640    -4992 -2496 -832    -5440 -2624 -896    
-5760 -2560 -1152    -6208 -2368 -1344    -6464 -2112 -1856    -6592 -1984 -1600    -6592 -2048 -1408    -6592 -2176 -1536    -6592 -2688 -1664    -6400 -3008 -1984    
-6464 -3456 -1984    -6400 -3712 -2304    -6336 -3840 -2240    -6400 -3904 -2112    -6144 -3712 -2432    -6080 -3392 -2432    -5824 -3008 -2112    -5696 -2560 -1664    
-5376 -2112 -1152    -5056 -1728 -1088    -4800 -1408 -1152    -4416 -1024 -832    -4224 -1024 -832    -4032 -896 -768    -3840 -1024 -704    -3648 -1280 -768    
-3200 -1408 -960    -2688 -1472 -1216    -2304 -1600 -1344    -1792 -1728 -1728    -1344 -1728 -1984    -1088 -1792 -2240    -1024 -1792 -2432    -960 -1728 -2496    
-832 -1792 -2368    -576 -1792 -2624    -448 -1664 -2752    -128 -1792 -2752    128 -1728 -3008    256 -1920 -3584    320 -1920 -3520    320 -1984 -3776    
256 -1856 -4096    320 -1920 -4608    256 -1600 -4800    448 -1472 -4928    576 -1536 -5120    1024 -1472 -5312    1472 -1728 -5632    2112 -1664 -5632    
2368 -1856 -5760    2560 -2048 -5760    2752 -1984 -5504    3008 -1984 -5184    3136 -1792 -5440    3392 -1664 -5248    3712 -1408 -4992    3840 -1152 -5312    
4160 -832 -5120    4736 -640 -5120    5184 -704 -5120    5568 -704 -5248    5568 -768 -5184    5120 -832 -4928    4608 -704 -4736    4160 -1280 -4544    
3584 -1536 -4288    3520 -1664 -4096    3456 -1600 -3904    3904 -1600 -3456    4032 -1664 -2880    4352 -1536 -2496    4544 -1408 -2304    4352 -1408 -1856    
4160 -1536 -1280    3840 -1600 -1216    3584 -1728 -896    3712 -1920 -1344    3712 -1920 -1280    3648 -1856 -1216    3840 -1792 -1216    4032 -1792 -1408    
4096 -1920 -1472    4160 -2112 -1344    4224 -2560 -1536    4224 -2752 -1600    4224 -2816 -1600    4160 -3072 -1280    4096 -3072 -1472    3968 -3136 -1472    
3968 -3136 -2112    4288 -3136 -2624    4416 -3136 -2944    4544 -3136 -3072    4864 -3456 -3520    4608 -3712 -3840    4288 -3904 -3968    3904 -3968 -4224    
3648 -3904 -4736    3712 -3904 -4480    3648 -3968 -4416    3328 -3904 -4224    2752 -3904 -4416    2240 -3904 -4928    1600 -4032 -4800    1024 -4032 -4800    
448 -3968 -4352    -192 -3904 -3968    -640 -3840 -3904    -960 -3840 -3584    -1024 -3712 -3136    -1280 -3136 -2816    -1472 -2560 -2752    -1728 -2368 -2560    
-1856 -2368 -2304    -1856 -2560 -1984    -1792 -2560 -1728    -1600 -2368 -1472    -1600 -2112 -1152    -1920 -1728 -704    -2112 -1408 -384    -1856 -1472 -320    
-1472 -1344 -640    -896 -1216 -832    0 -1024 -1024    640 -512 -832    1280 128 -384    2112 768 -128    2944 1472 448    3264 1920 832    
3328 2688 512    3328 2560 128    3392 2752 -128    3584 2240 -128    3712 1664 64    3712 1216 320    3904 640 192    4160 128 448    
4608 -128 768    4864 0 768    4992 448 448    5120 832 384    5248 1472 320    5184 1984 704    5120 1920 832    5056 1600 1152    
4928 1600 1920    4160 1728 2688    3840 1920 2304    4032 1920 1536    3776 1792 1152    3392 1728 576    3072 1984 320    2752 2496 192    
2560 3072 -384    2368 3712 -384    2560 4544 -192    2624 5120 -128    2432 6208 -512    1856 7424 -1216    704 8064 -2496    -576 8768 -4096    
-1984 9024 -5120    -2560 9216 -5632    -2688 9472 -4608    -2432 9344 -2304    -1792 8896 -1344    -1216 8192 -2560    -1024 7616 -3648    -896 6784 -4800    
-768 6336 -5312    -832 5760 -5568    -1024 4992 -5120    -1152 4352 -4480    -1088 4160 -4160    -1152 4096 -4416    -1152 3968 -4416    -1024 3840 -4544    
-896 3392 -4480    -1088 3200 -4288    -1344 2816 -4352    -1152 2496 -4544    -1088 2624 -4160    -768 2560 -4032    -640 2432 -3648    -640 2240 -3264    
-576 1920 -3008    -640 1600 -2752    -640 1472 -3328    -704 1536 -3392    -704 1472 -3328    -704 1472 -3264    -768 1280 -2752    -832 1344 -2368    
-1024 1600 -2240    -1152 1728 -2176    -1536 1920 -1856    -1536 2368 -2432    -1792 2112 -1856    -2304 1856 -1472    -2304 1664 -1728    -2176 1792 -1728    
-1920 1920 -1600    -1856 2176 -1280    -1920 2240 -1472    -1984 2368 -1408    -1920 2432 -1344    -1984 2688 -1408    -1984 2880 -1280    -1920 2880 -576    
-1984 2816 640    -2176 2560 1664    -2496 2240 2560    -2624 1984 3136    -2752 1856 3904    -3008 1664 4736    -3392 1536 5504    -3584 1408 6016    
-4096 1088 6016    -4864 768 6144    -5504 448 5440    -6144 384 4608    -6656 256 3904    -6720 320 3328    -6656 384 2304    -6784 448 1664    
-6592 384 768    -6592 512 320    -6656 512 128    -6720 512 0    -6656 448 -128    -6592 320 -192    -6528 384 128    -6336 320 128    
-6272 320 128    -6272 192 256    -6208 128 64    -6016 128 -128    -5696 0 -256    -5504 -128 0    -5056 -192 128    -4608 -128 512    
-4160 -64 448    -3648 -128 704    -2944 -64 832    -2304 0 1088    -1472 -64 1600    -896 128 1856    -256 -256 1856    384 -576 2176    
960 -768 2560    1600 -768 2432    1920 -640 2752    2304 -704 2688    2688 -576 2368    3008 -576 2560    3392 -640 2304    3648 -832 2688    
4032 -960 2816    4288 -1088 3072    4608 -1408 3456    4992 -1728 3456    5312 -1920 3648    5504 -1984 3776    5504 -1984 4032    5632 -2112 4352    
5440 -2112 4288    5312 -2048 3968    4992 -1920 3840    4800 -1664 3264    4672 -1472 3008    4608 -1216 2816    4544 -896 2560    4544 -640 2432    
4480 -576 2496    4608 -576 2816    4608 -448 2752    4416 -320 3008    4224 -256 3072    4032 -128 3008    4032 0 3264    3968 128 3520    
4032 192 3392    4096 128 3648    4096 192 3776    4096 192 3648    4160 320 3520    4224 384 3456    4352 512 3456    4480 768 3200    
4352 896 2944    4288 1216 2688    4288 1344 2496    3904 1536 3008    3456 1856 2944    3264 2176 2880    3264 2560 2880    3328 3136 2496    
3264 3968 2176    3392 4928 1728    3456 5888 1600    3328 6400 1472    3136 7040 1472    3072 7552 1984    2752 8000 1856    2176 8448 1984    
1472 8768 2112    1024 8704 2688    704 8512 3456    640 8320 3776    832 7680 3968    1088 6592 3904    1024 5696 3392    768 4992 3136    
768 4544 2752    896 4224 2496    1216 3968 2496    1600 3840 2368    1728 3776 2368    1664 3904 2880    1408 4032 2816    1088 4224 2880    
832 4416 2752    832 4544 2816    960 4544 2816    896 4352 2944    768 4096 3136    704 4096 3008    640 3968 3328    256 4032 3584    
0 4096 3264    -128 4160 3200    -192 4032 3200    -192 3840 3008    -320 3584 2816    -448 3520 2688    -832 3648 2560    -960 3776 2496    
-1152 3968 2304    -1216 4032 2048    -1344 4224 1984    -1280 4224 2048    -1280 4160 2240    -1088 3840 2496    -832 3456 2560    -896 3072 2432    
-704 2816 2432    -768 2880 2624    -960 3136 2176    -1280 3456 1664    -1344 3648 1600    -1280 3456 1792    -1216 3008 1728    -1152 2688 1472    
-1344 2688 896    -1664 2752 640    -2112 2816 512    -2496 2496 64    -2688 1920 64    -2816 1152 -128    -2944 704 -64    -3328 640 -128    
-4032 1024 -384    -4864 1344 -1344    -5440 1280 -2240    -5696 896 -3264    -5760 448 -3776    -5952 0 -4224    -5952 -320 -4992    -6144 -832 -5568    
-6336 -1088 -6464    -6464 -1024 -7168    -6400 -960 -7616    -6144 -896 -7360    -5824 -832 -6912    -5568 -640 -6016    -5184 -640 -5504    -4800 -704 -4928    
-4544 -768 -4416    -4352 -768 -4352    -4160 -768 -4032    -3904 -768 -3712    -3648 -640 -3456    -3520 -640 -3264    -3392 -384 -3008    -3392 -256 -2688    
-3520 -192 -2240    -3456 -128 -1920    -3392 128 -1664    -3520 256 -1600    -3584 448 -1472    -3776 512 -1152    -3840 512 -704    -3968 640 -576    
-4160 576 -128    -4160 576 -128    -4160 576 -320    -4096 576 -704    -4096 576 -704    -3968 576 -704    -3712 576 -832    -3712 640 -704    
-3712 512 -704    -3712 448 -640    -3648 512 -640    -3520 576 -704    -3456 704 -1152    -3392 768 -1280    -3328 768 -1280    -3264 704 -1280    
-3264 768 -1280    -3328 768 -1088    -3328 768 -1152    -3648 832 -1024    -3840 832 -832    -3968 832 -960    -4032 832 -768    -3968 576 -448    
-3840 384 -320    -3968 384 -320    -3904 384 -256    -4032 384 -64    -3968 448 -128    -3776 768 -576    -3904 768 -320    -3904 640 -320    
-4032 576 -256    -3968 576 -192    -3712 640 -384    -3648 576 -320    -3712 576 -192    -3712 576 -512    -3712 512 -256    -3776 576 -384    
-3712 512 -192    -3648 576 -448    -3584 640 -384    -3648 640 -256    -3776 640 -320    -3712 512 -384    -3776 448 -192    -3840 384 -128    
-3904 320 -192    -3904 448 -256    -3968 576 -512    -3968 640 -640    -3904 704 -448    -3776 768 -256    -3712 704 -64    -3520 640 -320    
-3520 576 -256    -3520 384 0    -3456 192 0    -3456 192 -128    -3520 192 -192    -3520 384 -256    -3584 256 -192    -3648 384 -128    
-3648 576 -320    -3584 576 -384    -3648 512 -192    -3840 448 0    -3712 320 -192    -3584 256 -384    -3712 320 -384    -3712 256 -448    
-3776 320 -192    -3776 384 -256    -3904 384 -128    -3968 384 -192    -4032 384 -64    -4032 384 0    -3968 384 -320    -3904 384 -192    
-3840 320 -384    -3840 384 -512    -3840 256 -448    -3776 192 -256    -3840 128 -320    -3776 128 -64    -3648 0 -448    -3712 0 -448    
-3776 64 -448    -3840 192 -448    -3840 320 -640    -3904 576 -256    -3776 704 -512    -3840 704 -704    -3840 768 -448    -3520 640 -832    
-3456 576 -768    -3328 384 -1024    -3200 64 -832    -3136 64 -768    -3136 0 -896    -3200 64 -1024    -3072 0 -1088    -2944 0 -704    
-2816 0 -640    -2624 -64 -768    -2496 0 -896    -2304 64 -960    -2048 128 -1216    -1920 256 -1536    -1600 256 -1600    -1536 320 -1536    
-1280 320 -1408    -896 576 -1664    -768 960 -1856    -640 1088 -2112    -512 1280 -2304    -448 1408 -2560    -192 1536 -2624    -64 1600 -2816    
192 1664 -2816    384 1536 -3008    576 1600 -3072    960 1344 -3136    1216 1344 -3008    1536 1280 -2752    2112 1216 -3136    2432 1088 -2944    
2688 1280 -3200    3008 1408 -3264    3456 1472 -3776    3776 1600 -3840    4096 1536 -3776    4352 1472 -4224    4352 1408 -3904    4288 1536 -4096    
4352 1600 -3968    4480 1728 -3776    4480 1920 -3584    4480 1984 -3648    4480 1920 -4096    4608 1792 -4224    4736 1728 -4288    4800 1920 -4608    
5056 1856 -4608    5056 2048 -5056    5440 1856 -5184    5888 1536 -5568    6272 1664 -5568    6144 2176 -5568    5632 2752 -5120    5312 3136 -5120    
4992 3840 -5120    4608 4224 -5184    4224 4480 -5248    3904 4992 -5248    3648 5248 -5120    3200 5632 -4992    2688 5760 -5120    2368 5952 -4992    
2496 5952 -4672    2688 5952 -4288    2560 6080 -3776    2176 6208 -2816    1536 6528 -2304    896 6976 -1856    576 7360 -1984    256 7680 -1984    
256 7808 -1600    384 7744 -1472    448 7552 -1280    256 7616 -832    192 7424 -640    0 7232 -640    0 6976 -384    64 6400 0    
320 6208 64    384 5760 -64    384 5376 64    320 4800 448    320 4352 448    256 4096 576    192 3776 832    192 3264 768    
128 2816 832    64 2368 1088    128 1856 1280    128 1536 1344    128 1216 1216    128 1088 832    128 896 960    384 576 960    
640 256 1024    640 64 1024    832 -128 896    768 -384 640    896 -448 448    704 -448 832    512 -512 512    384 -576 320    
384 -704 192    448 -768 64    320 -704 0    320 -512 -320    128 -448 -704    128 -320 -960    0 -320 -1216    -64 -448 -1472    
-64 -512 -1600    -64 -640 -1344    -128 -576 -1600    -384 -576 -1408    -448 -640 -1408    -704 -512 -1536    -896 -512 -1728    -896 -576 -2112    
-832 -640 -2368    -896 -640 -2432    -1088 -640 -2688    -1280 -640 -2816    -1600 -704 -2624    -1792 -832 -2816    -1920 -960 -2880    -1984 -960 -3136    
-2048 -960 -3136    -2176 -704 -3200    -2176 -704 -3200    -2240 -640 -3328    -2240 -704 -3456    -2176 -512 -3776    -2240 -448 -3840    -2432 -448 -3456    
-2624 -320 -3456    -2752 -256 -3520    -2880 -256 -3584    -2880 -256 -3968    -2944 -384 -4352    -3072 -256 -4224    -3264 -192 -4352    -3456 0 -4480    
-3584 -64 -4672    -3584 -64 -4864    -3712 0 -4800    -3776 64 -4672    -3968 192 -4544    -3968 128 -4416    -4096 192 -4480    -4160 192 -4416    
-4160 256 -4224    -4160 384 -4416    -4352 640 -4032    -4224 704 -3840    -4544 960 -3840    -4480 1152 -3648    -4608 1216 -3584    -4608 1280 -3584    
-4864 1408 -3520    -5056 1600 -3136    -5120 1600 -2816    -5248 1856 -2816    -5376 2048 -3072    -5312 2112 -2880    -5248 2176 -3072    -5312 2240 -2688    
-5120 2176 -2432    -4864 2304 -2368    -4928 2368 -2112    -4992 2368 -1600    -4992 2304 -1408    -4928 2240 -1280    -4864 2240 -1152    -4928 2240 -1152    
-4928 2240 -1152    -4992 2240 -1024    -5056 2176 -896    -4992 2048 -768    -4928 2112 -896    -4864 1856 -640    -4736 1792 -448    -4736 1728 -320    
-4672 1664 -384    -4608 1664 -576    -4672 1536 -384    -4672 1536 -448    -4608 1344 -384    -4608 1152 -192    -4672 1088 -512    -4608 1024 -512    
-4544 960 -448    -4416 768 -640    -4224 768 -576    -4032 576 -512    -3904 576 -576    -3776 512 -192    -3520 512 -192    -3328 448 -128    
-3072 448 0    -2880 448 192    -2496 256 -192    -2176 192 -256    -2112 128 -192    -1984 64 -256    -1856 0 -256    -1792 -128 -64    
-1728 -128 192    -1408 -256 0    -1152 -512 64    -1088 -640 192    -832 -896 128    -576 -1088 192    -320 -1152 64    -448 -1216 192    
-704 -1216 0    -896 -1216 128    -1280 -1152 448    -1600 -1152 384    -1600 -1344 448    -1856 -1536 832    -1920 -1728 1152    -1984 -1728 832    
-2304 -1728 832    -2624 -1664 640    -2944 -1536 448    -3392 -1408 704    -3456 -1472 576    -3584 -1344 768    -3776 -1344 768    -3968 -1344 576    
-4224 -1344 384    -4288 -1408 -128    -4480 -1536 -384    -4480 -1472 -256    -4416 -1472 -64    -4416 -1472 0    -4288 -1408 0    -4160 -1216 -320    
-4224 -1152 -192    -4096 -1088 0    -4032 -1024 128    -3968 -960 -64    -3776 -960 -256    -3776 -960 -256    -3712 -960 -320    -3648 -960 -256    
-3648 -960 0    -3648 -896 64    -3648 -704 0    -3712 -512 0    -3840 -384 192    -3776 -256 128    -3776 -192 64    -3776 -192 64    
-3648 -384 64    -3712 -512 256    -3648 -640 320    -3584 -576 640    -3648 -576 704    -3712 -448 832    -3776 -448 768    -3840 -320 768    
-3840 -256 640    -3904 -192 512    -3776 -320 384    -3840 -320 384    -3712 -384 320    -3712 -512 320    -3840 -448 384    -3840 -448 384    
-3776 -448 128    -3840 -448 192    -3968 -384 256    -3840 -384 128    -3904 -320 192    -3840 -512 384    -3776 -512 320    -3712 -576 192    
-3840 -576 256    -3904 -640 512    -3776 -640 512    -3904 -640 512    -3904 -640 576    -3904 -576 320    -3904 -512 448    -4032 -640 704    
-3904 -704 320    -3904 -704 512    -3904 -704 512    -3840 -768 576    -3712 -704 512    -3648 -704 384    -3840 -640 320    -3840 -640 384    
-3840 -640 384    -3776 -576 320    -3840 -576 384    -3904 -512 576    -3712 -640 640    -3712 -640 512    -3712 -576 576    -3648 -576 512    
-3648 -512 384    -3840 -448 384    -3840 -512 384    -3776 -512 512    -3776 -512 448    -3840 -576 320    -3776 -576 448    -3776 -576 448    
-3840 -576 640    -3776 -576 512    -3712 -576 256    -3776 -704 384    -3840 -640 320    -3904 -576 384    -3904 -576 320    -3840 -576 384    
-3840 -576 192    -3840 -640 320    -3776 -576 256    -3840 -576 384    -3712 -640 384    -3712 -576 384    -3776 -512 128    -3776 -576 128    
-3776 -576 192    -3776 -640 256    -3776 -576 256    -3840 -576 384    -3648 -576 320    -3712 -512 384    -3776 -576 320    -3776 -640 384    
-3776 -576 320    -3776 -576 320    -3712 -640 320    -3648 -576 192    -3712 -704 384    -3648 -640 128    -3648 -576 256    -3712 -640 256    
-3712 -704 320    -3648 -704 256    -3712 -640 576    -3776 -640 448    -3776 -640 448    -3712 -640 256    -3712 -576 448    -3712 -576 448    
-3712 -576 576    -3712 -576 384    -3712 -576 320    -3712 -512 256    -3840 -512 256    -3840 -512 448    -3840 -640 448    -3712 -704 320    
-3776 -704 320    -3776 -640 384    -3840 -576 512    -3776 -640 448    -3776 -640 320    -3776 -576 128    -3840 -576 320    -3776 -576 256    
-3712 -576 256    -3712 -448 320    -3712 -576 320    -3776 -576 320    -3712 -704 320    -3648 -704 128    -3584 -640 192    -3584 -576 320    
-3520 -704 256    -3648 -512 448    -3648 -512 512    -3648 -448 512    -3712 -448 512    -3648 -512 512    -3648 -448 576    -3648 -448 512    
-3648 -448 384    -3584 -448 320    -3648 -448 384    -3712 -384 256    -3712 -448 320    -3776 -448 256    -3776 -448 192    -3776 -448 320    
-3776 -448 320    -3840 -512 448    -3968 -448 640    -3904 -512 704    -3840 -448 640    -3840 -384 512    -3904 -448 448    -3840 -448 448    
-3968 -512 512    -3968 -640 256    -3904 -576 320    -3904 -576 384    -3840 -576 384    -3776 -576 384    -3904 -448 448    -3840 -448 384    
-3712 -384 448    -3712 -448 512    -3712 -448 384    -3776 -512 448    -3840 -512 576    -3776 -448 448    -3776 -448 512    -3776 -448 512    
-3776 -448 704    -3776 -384 640    -3776 -320 640    -3776 -384 640    -3776 -384 512    -3776 -384 512    -3840 -320 576    -3776 -320 576    
-3776 -320 512    -3840 -384 448    -3904 -320 448    -3904 -320 512    -3904 -320 448    -3904 -320 448    -3904 -320 256    -3904 -320 320    
-3904 -320 512    -3904 -384 512    -3968 -320 512    -4032 -320 512    -3968 -320 448    -3968 -320 256    -4032 -320 256    -4032 -384 256    
-4032 -320 256    -4032 -320 192    -3968 -256 320    -4032 -256 256    -3968 -256 192    -4032 -320 128    -3968 -320 256    -3968 -320 128    
-3968 -256 128    -3904 -320 0    -3840 -384 64    -3904 -384 -64    -3840 -256 0    -3840 -256 128    -3840 -192 192    -3840 -192 256    
-3840 -192 256    -3904 -192 128    -3840 -192 -256    -3712 -192 0    -3584 -192 64    -3584 -192 64    -3392 -192 256    -3328 -128 448    
-3328 -128 256    -3264 -192 512    -2944 -640 896    -2752 -640 832    -2688 -640 576    -2560 -640 704    -2432 -512 768    -2304 -448 832    
-2368 -320 832    -2304 -64 768    -2304 704 768    -2432 704 704    -2688 832 704    -3008 768 1024    -3264 704 1216    -3072 640 1472    
-2944 448 1152    -2816 256 960    -2560 0 1088    -2240 128 1408    -2048 320 1728    -1920 512 1600    -1920 768 1728    -1984 960 1728    
-2176 1280 1472    -2304 1728 1728    -2368 1792 2176    -2240 1728 2240    -2240 1856 2112    -2176 1984 2240    -2176 2048 2368    -2432 2176 2176    
-2624 2624 1856    -2816 3008 1792    -2688 3072 2048    -2752 3008 2176    -2624 2752 2560    -2624 2688 2432    -2816 3136 2176    -2816 3392 1600    
-2688 3328 1472    -2496 3392 1856    -2432 3712 2176    -2368 3712 2496    -2112 3648 2112    -1856 3840 1856    -1664 4096 1216    -1536 4672 896    
-1472 5120 896    -1152 5120 1664    -1088 4992 2752    -1024 3520 3584    -1024 2688 4288    -1024 3008 4416    -960 3200 3840    -768 3072 3776    
-640 3008 3456    -256 3072 3456    -128 3008 3392    128 2816 3520    512 2496 3520    640 2176 3392    896 2368 3520    960 2368 3264    
1088 2496 3200    1152 2112 3392    1280 2112 3584    1216 1856 3584    1344 1472 3904    1152 960 4160    1216 640 4416    1088 256 4416    
1344 512 4736    1472 512 4608    1472 576 4480    1408 512 4416    1344 512 4224    1408 640 4416    1216 576 4224    1152 704 4416    
1024 512 4288    960 448 4224    704 192 3968    832 128 4416    768 -256 4416    960 -512 4352    1088 -512 4352    1152 -256 4160    
1600 192 3904    1856 512 4032    1792 704 3520    1792 512 3648    1664 448 3648    1408 128 3264    1344 -64 3072    1344 -128 3264    
1280 -128 3136    1344 64 3456    1280 128 3392    1280 64 3456    1344 0 3584    1472 -128 3904    1280 -448 3648    1408 -320 3840    
1472 -256 3840    1600 -64 3840    1792 384 3904    2112 832 3648    2304 832 3648    2624 640 4224    2368 512 4480    2048 448 4352    
1792 448 4416    1536 256 4032    1344 64 3712    960 128 3456    768 64 3008    1088 64 3328    640 -320 3008    576 -128 3264    
256 -64 3392    128 128 3520    128 384 2880    64 384 3264    -64 192 3072    0 -128 4032    192 256 3904    640 0 4160    
704 -128 4096    576 -192 4096    448 -256 3904    256 -384 3584    0 -576 3200    64 -576 3328    0 -1472 3904    128 -1280 3968    
256 -1472 4224    64 -1536 4032    -128 -1472 3840    -192 -1344 4224    -128 -1024 4992    -128 -768 5056    -256 -640 5184    -384 -448 4672    
-576 -448 4224    -640 -64 4544    -704 -64 4480    -704 -128 4480    -640 -192 4544    -640 -384 4608    -512 -640 4608    -576 -1024 4480    
-384 -1216 4608    -320 -1280 4224    -64 -1152 4096    -128 -1088 4096    -128 -896 3968    -64 -640 3840    128 -448 4032    192 -640 4160    
192 -832 4352    128 -960 4608    320 -1152 4864    576 -1408 4608    704 -1472 4224    896 -1344 4352    1024 -1216 4352    1088 -1088 4096    
1088 -1024 4032    1152 -832 3712    1216 -832 3840    1216 -896 3520    1344 -896 3584    1472 -832 3776    1536 -896 3776    1536 -832 3968    
1600 -832 3968    1664 -768 3712    1600 -704 3648    1600 -704 3584    1728 -640 3712    1664 -704 3648    1728 -768 3840    1664 -960 3520    
1728 -960 3520    1728 -896 3648    1792 -960 3520    1856 -896 3520    1792 -832 3648    1856 -832 3712    1920 -768 3840    1984 -832 3968    
1920 -960 3904    1920 -960 3968    1664 -1088 3776    1600 -1088 3904    1536 -1088 3840    1472 -1152 3776    1536 -1088 3904    1280 -1024 3712    
1344 -960 3840    1280 -896 3584    1344 -832 3776    1408 -768 3904    1280 -832 3712    1280 -896 3712    1152 -896 3648    1280 -896 3904    
1152 -896 3584    1216 -768 3584    1280 -704 3392    1280 -704 3456